96	333
435	621
646	1111
1294	1429
2359	2470
2915	4580
4661	5744
5753	6161
6500	7160
7301	8738
9004	9085
9246	9567
9830	10001
11164	11635
11770	12187
12346	12523
15744	15771
16230	16359
16425	16962
17163	18360
21167	22253
22745	23624
23623	24427
24441	25296
27375	27483
27494	28787
28795	29935
31371	32013
32777	34028
34245	35334
35403	35844
35958	36045
36126	37371
37491	38106
38699	39155
39352	40240
40547	40889
44423	44450
46964	48185
48194	48218
48251	48515
50832	53076
54125	55040
58247	58301
58602	58920
59765	60905
62590	63421
64003	65242
65718	66201
66473	67352
70386	71463
71591	71627
71879	71969
72004	73672
73737	74202
74272	74716
75396	76362
76371	78564
82073	83504
83607	83721
83750	86216
86361	86406
86476	88015
88025	89450
90081	90432
93209	93794
93876	93948
94078	96010
101600	101810
101927	102257
102258	102708
102710	103199
103219	103243
103347	104682
104694	105651
105653	105983
106008	106713
106716	106872
112053	112962
113210	113840
113852	115274
115636	115654
116161	116215
118322	118649
118734	119007
119025	119256
119339	120707
120715	121012
123272	123374
125264	125960
126056	126824
127683	128631
128721	129741
129977	130016
130182	130731
130746	131244
131284	131341
131527	133084
133096	133678
133726	134113
134165	135167
135204	136638
136614	136650
136864	136972
137003	139868
140095	140320
141177	141483
141486	141921
142048	142135
142155	143550
143677	144286
146690	147356
147365	147821
147833	148934
151402	151618
153332	153377
153789	154071
154869	155226
155448	156303
156319	156427
156615	157074
157183	157723
157836	157860
157900	158269
158270	158318
159121	159196
162750	162825
162873	163062
163266	163872
165875	165950
166025	166196
166897	167101
167110	167257
167534	167579
167701	167947
168002	168974
169311	169563
169339	169399
169707	169827
171081	171144
171417	171483
171574	172348
172469	173399
173595	174432
175208	176132
176735	177182
179247	179277
179340	180294
180352	180829
180983	181202
185336	187214
188078	188120
188520	188913
188929	189358
189743	189803
189821	190700
190789	191518
191620	191944
191947	192604
192741	193956
193959	194691
194757	195081
195707	196349
197297	197459
197595	198459
198553	198727
198735	199281
199407	199500
199934	200060
200086	200116
200149	201514
202193	202262
202333	202828
202886	203171
203220	204222
204259	205087
205198	207106
207953	208253
208291	208768
208931	209348
209424	210372
210593	210623
210686	210956
212184	212718
212888	214487
214790	215237
218271	220863
220976	221330
221395	221593
221803	221941
222000	222213
223378	223816
225618	225636
229283	230036
231271	231814
231977	232007
233263	234034
234281	234767
234819	235110
235111	237499
237532	237697
238669	239410
241644	242682
242698	243133
243835	245239
245314	246004
246031	247813
248068	249454
249546	249660
249665	250241
250259	250682
250693	250753
252847	253633
253759	254599
254631	255756
256764	256950
256969	257152
257316	258993
259019	259052
260351	260891
261073	261130
269595	269661
269884	269902
269904	269937
270130	270208
270649	270670
270843	270882
271258	271318
271535	272210
272323	272971
273032	274145
274295	276344
276518	276710
276766	277315
277367	278099
278150	278681
279824	280466
280733	281117
281395	281635
281771	283310
283365	283536
283729	283771
284062	285013
285036	286704
287703	287835
287859	287916
287938	288673
288960	289656
291468	292572
298355	298631
298757	300428
300926	301232
301285	301354
301362	301467
301529	301592
301987	302176
302178	302715
303674	303725
304002	305799
305829	307755
307849	307903
307990	310261
310458	311079
310469	310514
310792	310825
311141	311168
311169	311868
313097	313898
313995	314658
314678	315932
316010	317159
317385	319293
319545	320988
321132	321591
321645	321741
321889	324550
324585	324600
324612	326274
326387	327812
327969	328512
328523	330590
330618	330651
330712	331339
331442	332687
333343	333445
333473	333794
333800	334385
336075	336360
336482	338132
338228	338969
339374	340250
340879	340945
341225	341276
341377	343072
343330	343441
343555	343642
344296	344530
344643	346092
346193	347045
348843	349203
349215	349800
349856	350438
350620	351595
351615	352890
353031	353193
353624	354161
354276	355506
355627	358597
358600	358651
358657	359158
359179	359923
359935	360289
360370	361213
361565	361640
361773	362037
362123	362762
362777	362936
363001	363526
363577	364138
364153	365623
365689	367783
367804	368443
368562	368694
369861	370941
371134	372514
372568	373021
373021	373267
373842	374856
375196	375235
375300	375972
376023	376092
376508	377522
377531	378074
381258	382035
382180	382321
382603	383182
383850	385974
385978	387055
386752	386788
387054	387597
387678	388383
389197	390571
393401	394169
394219	394270
394278	395082
400447	400465
400922	400955
403424	403448
405785	407261
407296	409306
410952	411618
411680	412046
412063	412186
412230	412314
412392	412893
412952	414680
414759	415017
417063	417099
417134	418202
418301	419999
420522	420870
420963	421770
422611	424957
425003	425021
425129	426002
426157	427492
427562	428756
431104	431221
431322	431817
431908	433888
434938	436522
436739	436808
438908	438947
438995	439040
440041	440224
440726	440858
440900	440960
442427	442583
442696	442942
443132	443270
443611	443665
444591	444639
444802	444934
444977	446123
446334	447144
451438	451705
451766	452393
452643	453663
453833	455657
455693	456482
458131	458239
458302	458914
458962	461389
461390	463037
463106	464015
464053	464494
464496	464901
465624	465999
468040	468703
468711	470535
470676	471060
471332	471593
471634	471991
472059	473484
473531	473558
473903	475343
475344	476415
477337	477577
480586	480598
480751	480781
481017	481980
482033	482672
482673	482952
484203	484413
484468	485068
488202	488637
488723	489032
490519	490585
490827	490896
491017	492796
495115	495604
495654	496431
496440	497244
499086	499749
499935	500040
500075	500630
500733	501060
501761	503165
508195	508246
508476	508749
508849	509605
509624	510809
510861	511575
511630	511672
511672	512872
513189	513306
513644	514409
514479	514998
517354	517510
520665	522024
522032	522515
522590	523067
523074	524373
526270	526804
526908	527205
527210	530156
530159	530207
530240	530876
530886	531105
531358	531919
533629	533974
533975	534407
534445	534484
534688	535171
535211	535319
535777	536812
536930	537791
537799	537874
538664	538706
539431	539941
539989	540526
540639	540801
541039	541306
542028	543024
543850	543865
544370	544484
545010	546288
546330	547275
547287	549177
549828	549915
550059	550761
550833	551589
551828	552071
552155	552209
552222	553221
554846	555644
556632	557766
558216	560112
560250	560355
561337	563710
568512	569901
569969	570023
570138	570162
571572	572343
572344	572824
573420	574710
574948	575014
575044	575674
575685	575982
576615	577737
578156	578273
578462	578516
578657	578702
578704	578782
579266	579317
579503	579938
580606	580738
580780	580840
582307	582463
582835	582970
583262	583400
583741	583795
584721	584769
585000	585093
589799	589850
589928	591032
591573	591684
591700	593062
594857	595466
595637	595679
596509	596635
596693	597224
597247	597340
597355	597394
597457	598774
598862	599912
599936	601994
602155	603196
603361	604003
604011	604599
604602	605778
605777	606968
607046	608561
608706	608799
609240	610011
610071	610536
610813	611953
613387	613603
613740	614199
614299	614455
614597	615479
617295	617982
618329	619319
621397	622537
622698	623130
625529	626111
626170	627502
627515	627548
627618	627666
627706	627937
628192	628921
628937	629876
630187	630220
630501	631452
631486	631585
631637	631808
631850	632354
632509	632704
632969	633383
633491	634862
634988	635009
635078	635678
635771	636083
636374	637718
639682	640309
640312	640909
640921	642157
642300	643341
643343	643604
643678	644878
646739	647528
648120	648861
651340	652195
652208	652310
652333	652387
652448	652529
652699	653614
656257	657394
657693	657924
658266	658368
658407	658932
660351	661419
661526	661994
661995	662520
664065	665424
665450	668786
668795	669869
670041	670902
670919	671366
671397	671688
671734	672691
672748	672796
672955	673789
673901	674252
675066	675594
676167	676953
678897	678918
679071	679614
679633	680722
680723	681584
681660	681780
682097	682169
682517	682625
682643	683369
683413	684088
688706	690251
690385	691558
691723	692254
692358	695442
695589	696219
696431	698228
698973	698997
699043	699097
699103	699169
699455	699506
699692	700127
700795	700927
700969	701029
702496	702652
702765	703011
703201	703339
703680	703734
704660	704708
706072	707539
709281	710184
710264	710753
710791	711880
712149	713493
713600	714068
714589	714652
714710	714746
714767	714824
714915	716955
717976	718033
718100	719942
720120	721509
721800	722097
722115	722361
722428	722779
722856	723906
724019	724997
725004	726855
726924	727218
728126	729275
729617	730709
730832	731279
734829	735624
735843	735936
738926	739433
739580	740813
740849	741608
742011	742380
742383	743721
743785	744412
744828	745098
746263	746884
747140	747989
749096	749438
749557	749689
749832	749904
749913	749991
750052	750187
750585	750603
750611	751406
751415	751814
751862	752315
752483	752951
752965	753025
753051	753948
754058	754706
754878	755202
755247	755319
755581	755599
755738	755792
756832	759040
759049	759328
761352	762090
762445	762460
763561	763660
763950	764496
764497	764857
765264	765309
766606	766633
766646	766682
767578	768136
768200	768788
768798	769557
769600	770644
770675	770789
771771	771822
773103	773184
773210	774908
774919	777040
777210	777672
777767	778124
778206	778806
778942	780550
780559	780694
780756	781584
781709	782555
783021	783888
783954	784596
784619	785336
787348	787369
787829	789485
790892	791459
791608	791665
791673	792453
794855	796562
799377	800595
801861	802071
805709	805916
806573	806780
806856	807243
807256	807343
807516	807576
807722	807761
807823	809086
813000	813564
813584	813632
813787	813823
813932	813995
815068	816637
816686	817424
817420	817981
817980	818400
818449	819358
819371	819407
819423	820239
820356	821406
821436	822330
822502	822790
822841	823552
823557	823848
823855	824527
824531	825104
826050	826500
828604	828673
828711	828732
829104	829830
829870	830311
830381	831071
831384	832737
833506	833596
833599	833704
833708	834275
835388	835415
835437	836724
836782	837187
837899	839216
839293	841525
841539	841896
841978	842572
842573	842912
843049	843958
843998	844568
845994	846009
846274	847015
847099	847444
847649	848093
848173	848455
851867	852731
852629	852719
852736	853180
853194	853797
853955	854600
854684	855962
859983	860112
860134	861079
861088	861736
862661	863510
863513	863792
864434	865316
865563	865644
865681	866560
866591	866720
866785	867577
867963	867999
868059	868599
868670	869582
869590	870697
870736	871978
871995	872610
873235	875095
875113	875800
875850	876375
876387	876711
876766	877183
877206	878421
878487	878940
879964	879976
881432	881891
881989	883498
883507	884122
887859	888441
891969	891984
893569	893929
894432	894729
894732	894921
895932	896352
896364	897438
897476	897509
902053	903412
904542	904728
904921	905692
906475	906550
906751	907582
907927	908203
908460	908877
908969	909581
908986	909064
909559	909925
910666	910723
910858	912007
912156	912342
912586	912682
914525	915257
915201	915264
915277	915622
917469	917904
917966	918746
918767	918818
921693	922215
922349	922766
923676	924021
925201	925306
925338	925479
925579	925618
925743	926205
926228	927512
927553	928672
928801	929221
929291	929528
929565	929979
929995	930406
930732	932025
932668	933379
933403	933955
933996	934356
935753	935777
936927	938820
938893	939985
940032	940617
940799	941108
942326	943646
944484	945309
945406	945694
945900	947274
952803	953646
953980	954259
954280	954310
954373	955330
955369	955411
955425	955701
955791	956760
956981	957080
957180	959988
960219	960246
964446	965343
965973	966273
966926	967529
967716	969036
969105	969804
969778	969832
969835	970951
971036	972404
972448	973174
973206	974487
974719	974842
974851	975385
975438	976866
977000	977021
977146	977272
977384	977657
977796	978387
979283	979880
979955	980642
982929	983436
983436	984234
984242	984311
984332	986927
986929	986944
987247	987844
987960	988326
988383	988986
989001	990957
991065	991407
991825	991903
991951	993622
993623	994565
996137	996674
996760	997039
997047	997239
997310	997445
997537	997555
997561	998608
998658	999183
1000030	1001011
1001159	1001315
1001767	1001863
1002844	1003522
1004235	1005279
1005350	1006292
1006362	1006902
1007873	1008749
1008942	1011354
1012753	1013413
1013442	1014675
1014717	1015560
1015569	1016433
1016451	1016721
1016880	1017792
1017885	1019169
1020452	1021541
1021606	1022206
1023749	1024268
1024149	1024416
1024497	1024650
1026068	1026497
1026526	1027900
1027916	1028786
1028801	1030343
1030355	1030889
1030901	1031309
1031353	1031416
1031421	1031676
1032587	1032932
1033057	1033669
1035701	1036205
1036841	1037057
1037148	1037856
1037879	1037903
1038075	1038603
1038613	1039579
1039691	1039949
1040018	1040876
1041211	1041793
1041855	1042506
1042567	1042612
1042670	1044113
1044274	1044694
1044707	1046189
1046215	1047187
1047206	1048085
1048182	1049103
1050234	1050786
1050925	1051414
1051465	1052377
1052438	1053158
1054348	1058512
1058806	1062469
1063914	1064343
1065313	1066567
1067462	1069007
1070939	1072019
1072129	1073290
1073385	1074180
1074655	1075876
1075912	1076494
1076502	1077531
1077547	1077628
1077762	1077978
1078111	1079893
1081950	1081974
1081974	1082013
1082019	1082106
1082151	1083570
1083724	1084540
1085394	1085877
1086086	1086644
1086771	1088490
1088882	1089185
1089348	1089639
1089658	1091305
1091477	1091927
1091943	1092171
1092183	1092342
1093376	1093400
1094112	1094274
1095430	1096294
1096332	1096365
1097009	1097249
1097367	1098195
1098204	1098828
1098953	1100408
1100472	1100502
1100638	1100668
1101086	1101110
1102364	1103849
1103924	1104734
1104738	1105155
1105207	1107196
1107251	1107275
1107844	1108297
1108450	1109443
1109507	1110182
1111053	1113474
1113599	1115912
1117271	1117298
1118196	1118922
1119328	1120054
1121552	1121840
1123452	1123545
1123566	1123605
1123860	1124784
1124873	1125821
1125900	1126488
1126512	1127082
1127101	1127173
1127189	1127447
1127537	1127924
1129385	1130183
1131791	1132301
1132899	1133361
1133376	1133658
1133689	1133761
1133770	1133998
1134108	1134144
1134516	1134567
1134752	1134944
1135169	1135352
1135854	1135986
1136028	1136088
1137555	1137711
1137824	1138070
1138260	1138398
1138739	1138793
1139716	1139764
1140920	1141037
1141055	1142120
1142277	1142658
1144179	1144278
1144262	1145267
1145276	1146209
1146267	1146291
1146318	1147845
1147934	1148117
1148238	1148400
1148410	1148632
1148843	1149038
1149289	1151452
1151558	1152875
1152981	1153398
1153418	1153580
1153616	1154852
1154951	1155680
1155697	1156993
1157854	1158334
1158427	1159459
1159421	1160402
1160459	1160492
1160510	1160903
1160927	1161605
1161755	1161869
1162108	1163998
1164179	1164554
1164666	1164693
1165265	1165760
1165827	1167369
1167433	1168618
1168854	1169334
1169337	1169595
1169597	1170581
1174036	1174084
1174401	1174572
1174619	1174910
1174931	1175936
1176704	1178075
1178346	1178838
1178892	1179264
1179425	1180796
1180836	1181148
1181683	1181755
1181978	1183259
1183366	1184326
1186606	1187722
1187887	1188604
1188875	1189454
1189965	1190097
1190322	1190343
1194356	1194377
1195850	1196609
1196620	1197427
1197430	1197982
1197997	1198534
1198543	1200460
1204625	1204667
1206924	1208583
1208636	1209161
1209734	1209779
1211010	1211082
1211085	1211160
1212438	1212717
1213416	1214871
1214923	1215481
1216411	1217203
1217284	1217602
1217602	1217788
1217835	1218480
1218511	1219390
1219766	1219865
1226194	1227637
1227667	1227706
1227740	1228835
1229063	1229858
1229878	1231390
1231473	1231941
1232007	1232100
1232225	1233050
1233189	1233912
1233847	1233883
1234024	1235002
1238915	1240652
1240801	1241374
1241453	1241876
1241984	1242539
1242838	1243003
1243012	1243762
1243770	1244349
1244357	1244543
1244566	1245784
1245983	1246064
1246151	1246991
1247091	1247568
1247651	1248884
1251902	1252097
1255161	1256016
1259564	1260863
1260985	1261567
1261576	1262812
1262955	1263372
1263373	1263931
1264834	1265227
1265393	1266245
1266286	1266526
1266597	1266618
1266640	1267261
1267305	1268727
1268770	1268893
1269056	1269104
1270030	1270084
1270425	1270563
1270855	1270990
1271362	1271518
1272985	1273045
1273087	1273219
1273721	1273904
1274508	1274559
1275411	1275489
1277219	1278431
1279056	1281267
1282360	1283164
1283173	1283989
1285650	1286499
1286556	1286622
1288010	1288313
1288351	1289002
1289021	1289456
1289469	1289562
1290831	1290939
1290952	1291090
1292961	1293711
1296683	1297343
1297369	1297948
1297977	1298745
1298822	1298879
1299046	1299868
1301671	1301743
1301799	1302354
1302666	1302714
1303640	1303694
1304035	1304173
1304722	1304878
1306345	1306405
1306447	1306579
1307081	1307264
1307868	1307910
1308239	1308308
1308926	1309367
1309428	1310055
1310094	1310133
1310260	1310395
1311556	1311673
1314020	1315739
1315826	1315877
1316233	1318174
1318790	1319702
1319703	1320426
1320511	1321225
1321454	1322981
1323225	1323852
1323861	1324677
1324714	1326553
1328209	1331689
1331770	1331863
1331927	1333580
1334120	1334627
1334640	1335087
1335313	1336363
1336519	1337842
1337958	1338027
1338044	1338317
1338348	1339380
1339459	1341892
1342146	1342770
1342912	1343737
1343956	1344454
1344611	1344725
1348975	1349020
1349037	1349124
1349509	1350253
1352500	1352548
1352560	1353244
1353321	1353534
1354560	1354599
1354824	1355097
1355111	1356185
1356307	1356382
1356695	1356794
1357473	1358697
1358853	1358931
1359636	1360350
1360439	1360469
1360517	1361000
1361010	1361592
1361646	1362891
1362999	1363566
1363575	1364508
1366474	1367143
1367145	1367811
1367821	1368475
1368511	1368631
1368721	1369627
1369669	1369708
1369862	1370174
1370190	1370817
1371748	1372570
1372595	1372871
1372882	1373215
1373232	1373940
1374554	1374812
1375044	1375065
1375966	1376038
1376104	1376476
1376486	1376798
1376815	1377355
1377366	1377672
1377708	1378101
1378116	1378650
1378663	1379017
1379031	1379532
1379538	1379718
1379721	1380156
1380163	1381489
1381517	1381631
1382393	1382531
1382558	1383179
1383210	1384197
1384237	1384624
1384730	1384760
1385157	1385184
1385212	1386022
1386053	1387247
1387355	1387913
1389850	1390732
1390876	1392250
1392307	1392364
1392384	1393272
1393293	1393485
1393562	1396187
1396901	1397414
1397458	1398193
1398204	1398753
1398923	1399949
1399955	1401110
1401186	1402236
1403620	1404616
1404680	1406201
1406218	1407229
1407250	1407304
1407374	1408109
1408967	1409135
1409151	1409448
1411285	1411591
1411630	1412317
1412421	1412766
1412778	1413189
1413961	1414684
1414752	1415637
1415859	1415892
1417207	1417891
1419565	1419784
1419785	1421549
1421750	1422734
1423681	1424407
1424468	1424762
1424946	1425855
1426020	1426794
1426787	1427222
1427274	1427295
1427453	1427492
1427493	1427580
1427646	1428162
1428158	1429550
1429690	1430107
1430163	1431339
1431415	1431484
1431515	1432277
1432771	1435564
1435665	1435686
1435712	1436015
1436332	1436896
1437023	1439594
1439630	1440371
1440426	1442775
1442827	1442932
1442966	1443674
1443809	1444499
1444586	1446437
1447724	1449137
1449493	1449532
1450354	1450912
1450962	1451154
1451904	1451946
1452117	1452147
1454210	1454270
1454277	1454301
1455251	1456670
1457600	1457645
1458114	1458180
1458989	1459037
1459071	1459143
1460466	1460892
1460961	1462173
1463200	1463458
1463478	1463790
1465837	1467208
1467306	1467399
1467606	1468317
1468506	1470246
1470357	1470762
1470683	1470779
1470821	1470857
1470949	1472548
1472732	1474022
1474145	1475411
1475469	1476102
1476418	1477666
1477734	1477764
1477804	1477867
1477907	1478471
1479698	1482794
1483328	1483799
1483811	1484921
1486550	1486673
1486708	1487191
1487291	1488398
1491925	1492060
1492086	1492401
1496093	1496129
1498172	1498937
1499114	1499837
1499895	1499949
1499970	1500822
1500990	1502016
1502028	1502622
1506043	1506115
1506363	1506426
1507443	1508088
1508156	1508207
1508336	1510922
1511519	1512554
1512787	1514854
1515440	1515701
1515759	1516668
1516931	1518458
1518674	1519856
1520450	1520870
1520953	1522264
1522384	1523458
1525264	1527172
1527279	1528083
1529781	1529817
1530192	1530489
1533969	1534332
1534422	1535541
1536845	1536872
1537463	1537511
1537602	1537632
1537684	1539220
1539239	1539626
1539637	1539871
1541728	1541899
1541910	1542147
1542724	1543027
1543189	1544392
1544439	1544895
1544898	1545555
1545576	1545678
1545812	1546487
1549432	1549783
1549793	1549826
1549900	1552726
1552753	1553692
1553726	1555259
1555272	1555371
1555646	1555832
1555904	1556447
1556578	1556605
1556616	1557474
1558588	1559038
1559093	1559132
1559834	1561181
1561192	1561210
1564119	1565007
1566521	1567007
1567245	1568163
1570934	1571003
1571024	1571075
1571388	1572504
1572535	1572937
1573023	1573605
1573711	1574104
1574460	1575690
1575700	1576303
1581996	1582068
1584083	1584122
1584212	1584509
1584550	1585777
1586105	1588028
1588186	1588213
1588299	1588836
1589381	1590818
1590913	1592359
1592534	1592669
1593962	1594889
1595081	1596494
1596681	1598550
1598637	1600197
1601715	1601766
1601891	1602239
1602285	1602312
1602509	1603055
1603213	1604119
1604121	1604193
1605993	1606770
1606864	1608217
1608274	1609609
1609620	1610307
1610363	1611086
1611469	1611601
1611858	1612857
1612861	1613578
1615222	1616221
1616347	1618345
1618473	1619151
1619200	1619311
1620318	1620366
1620764	1622222
1624571	1625057
1627162	1627219
1627258	1628203
1628220	1628712
1629007	1629955
1630680	1631565
1631956	1633147
1634763	1634787
1635501	1635783
1635825	1636317
1636491	1637430
1637589	1637691
1638297	1638909
1639020	1639860
1639861	1640479
1643123	1643150
1645018	1646863
1646941	1647838
1647949	1648291
1648390	1648990
1653327	1653345
1653352	1653439
1656052	1656151
1656164	1656569
1658386	1659100
1659338	1659464
1660973	1661624
1667386	1667761
1667761	1668214
1668479	1669616
1669630	1671196
1671848	1673486
1673630	1673798
1674351	1674420
1674493	1675267
1676796	1676838
1677044	1678319
1678328	1678586
1678934	1679579
1679611	1680112
1681774	1681936
1683000	1683639
1683643	1684309
1684369	1685110
1685869	1686604
1686618	1687815
1689931	1689988
1690475	1690784
1690788	1692801
1694051	1694870
1694968	1695919
1696166	1697390
1697420	1697456
1697498	1697537
1697589	1698540
1698615	1699779
1699890	1701078
1701086	1701296
1702548	1702617
1702677	1702728
1702745	1703873
1703876	1705388
1705438	1706437
1706670	1707990
1707992	1709525
1709575	1710502
1711084	1711141
1711169	1711385
1711444	1711840
1711873	1713403
1713517	1714135
1717121	1718057
1718066	1718909
1719068	1720694
1720987	1721941
1722864	1722945
1723016	1724603
1724814	1725270
1725300	1726170
1726267	1726591
1726602	1728435
1728444	1729911
1732485	1733799
1736210	1737638
1739411	1740689
1740773	1742051
1742089	1743007
1745209	1745704
1745706	1746432
1747599	1748136
1749790	1750330
1750850	1751957
1752056	1752524
1754992	1755013
1756583	1757291
1757364	1758222
1758301	1758661
1759965	1760034
1760186	1763270
1763608	1763635
1763639	1764065
1764324	1764708
1764858	1765182
1765258	1765555
1765704	1766358
1766445	1767534
1767598	1767661
1767724	1768069
1769703	1770285
1770369	1771524
1771818	1771992
1772086	1772335
1772385	1772898
1772995	1773415
1774461	1774488
1775602	1776334
1776345	1776435
1776460	1777045
1777204	1777237
1777251	1778058
1778086	1779070
1779072	1780065
1780074	1780557
1780613	1780961
1784720	1784801
1784858	1784966
1784979	1785495
1786289	1786598
1786752	1786896
1786946	1787978
1788004	1788046
1788216	1788282
1792246	1792513
1792633	1793257
1793304	1794378
1794388	1795360
1795418	1796363
1796410	1796458
1796493	1796997
1797073	1799209
1799276	1800482
1800541	1800583
1800696	1800960
1801227	1801719
1801729	1803247
1803250	1803277
1804191	1804647
1804649	1804703
1804759	1804807
1804853	1805789
1805875	1807384
1807536	1808283
1808557	1808635
1808767	1809457
1809513	1809564
1809578	1809653
1809876	1810272
1810485	1811475
1812170	1812860
1813825	1815157
1815278	1815707
1815779	1815812
1815994	1817593
1817730	1817796
1817866	1817962
1817996	1818557
1818708	1819002
1820138	1821155
1826636	1828049
1828086	1830726
1831923	1831977
1832033	1832147
1833164	1834463
1834591	1834957
1835759	1835801
1835808	1836096
1836313	1836919
1836965	1837370
1837400	1837751
1837862	1838339
1838344	1838578
1839134	1839593
1839631	1840315
1842066	1842516
1842518	1842587
1842616	1842682
1842903	1844094
1844177	1844225
1844233	1845322
1846069	1846099
1846226	1846571
1846711	1847221
1847419	1847530
1847721	1847778
1848184	1848499
1848913	1851127
1851140	1851803
1851829	1853143
1853123	1853219
1853400	1856010
1856081	1856696
1856739	1858134
1858142	1858859
1859056	1860244
1860326	1861274
1862228	1862858
1862920	1864171
1864177	1864789
1864854	1866117
1866141	1866822
1867029	1867485
1867523	1867811
1868790	1868823
1869647	1869740
1869811	1870870
1872941	1873469
1873504	1875673
1876369	1877710
1879897	1879966
1879995	1880400
1880842	1881223
1884487	1884844
1885130	1886822
1568	2264
1597	1651
2582	2681
2623	2842
6237	6477
6454	6547
10010	10226
10164	10689
12560	13358
13357	14059
14055	14934
14933	15926
18362	19262
18404	18440
19274	20039
20038	21061
25355	26303
26302	27379
30139	30592
30545	30605
30579	31362
30811	30934
39268	39319
39288	39396
41239	42037
42036	42738
42734	43613
43612	44716
44803	46816
46768	46870
48629	49538
49269	49326
49515	49629
49576	50791
53142	54072
53966	53987
55081	55141
55112	56048
56144	57575
57555	57774
57767	58007
57939	58035
60977	61748
61747	61996
62076	62607
62279	62321
65288	65333
65322	65346
67394	68360
68356	69871
78662	80642
80631	81966
89513	90089
89593	89629
90527	93134
93099	93180
96121	98725
98669	98915
99018	100896
100841	101438
106843	107452
107451	111984
115681	115969
115955	116150
116338	116800
116796	116982
117227	118283
117744	117834
121015	122056
122052	123186
123990	125268
125221	125290
126833	127682
126842	126875
140523	141177
140708	140774
144384	145209
145208	146228
149074	150313
149332	149362
150284	150383
150354	150747
151862	152963
152949	153465
153474	153528
153509	153788
154156	154306
154298	154901
158331	158913
158670	158700
158959	159526
159102	159123
159525	159618
159614	159878
160069	160294
160280	160931
160927	161674
161670	162339
163926	165009
164935	165544
166210	166432
166393	166447
166641	166920
166759	166792
169868	170156
170152	170710
170830	171049
170946	170967
174475	174556
174515	175154
177198	178395
178394	179201
181350	181509
181490	181544
181501	182221
182214	182535
182511	182553
182549	184007
184165	184405
184404	185295
187249	187702
187701	188340
195137	195665
195148	195193
196360	197422
196380	196392
199817	199943
199921	199972
201591	201972
201968	202133
207196	207784
207770	207827
211091	211226
211222	211951
215304	217227
217226	218201
222481	223294
223292	223325
223835	225887
224683	224698
225950	227507
226786	226813
227479	227929
227915	229247
230046	230880
230876	231077
232106	232766
232749	233205
237714	238521
238495	238615
239455	239704
239698	240511
240527	241157
241156	241648
243136	243658
243632	243707
250796	251279
251166	252480
255807	255861
255844	256765
260927	261173
261069	261108
261356	261683
261615	261717
261794	262628
262446	264963
265041	267576
267532	267628
267587	269111
269091	269517
270910	270952
270941	271058
271328	271466
271428	271482
278954	279236
279216	279480
286758	286851
286801	287632
290075	290273
290265	291156
292793	296276
295192	295216
296336	296510
296506	298351
300543	300642
300592	300916
301632	301683
301679	301991
302837	303146
303102	303204
311869	313066
312999	313053
327901	327964
327911	327986
334517	335708
335707	336001
339034	339094
339068	339116
340250	340829
340772	341099
343920	344028
343978	344278
347116	348844
348495	348549
361226	361499
361495	361579
368794	369634
369602	369878
373268	373751
373516	373537
378171	380328
380200	380422
380324	380396
380395	381061
382464	382524
382476	382647
388503	389139
389054	389096
390594	391650
391463	391478
391636	392326
392252	392438
392499	393264
393247	393271
395083	395617
395312	395378
395667	395967
395938	396112
396174	396780
396761	397652
397823	398738
398734	399940
400026	400080
400073	400817
401038	403309
403305	403344
403502	404579
404575	405679
409600	410956
410004	410019
415174	416269
416251	416833
421905	422250
422206	422605
428784	428832
428799	429573
429523	430360
430347	430452
430448	431090
431028	431118
433970	434090
434055	434760
436934	437264
437260	437995
438004	438934
438904	438919
447173	449255
449251	451168
456497	456962
456718	456769
457053	457272
457118	457148
457219	458032
457464	457497
458092	458125
458118	458163
466062	466734
466733	466970
466966	467650
467646	467862
477603	478422
477887	477929
478436	479312
479308	479596
479617	479671
479633	480641
483007	483871
483861	484188
485114	485171
485120	486236
486188	486281
486225	488181
489156	490812
489332	489353
492925	493981
493964	494042
494038	494071
494060	495116
497291	497966
497965	499030
501113	501638
501519	501753
503233	504637
503324	503363
504655	506416
505374	505437
506426	507329
507276	508140
513356	513644
513471	513528
515550	517314
516865	516916
517721	519722
518172	518298
519867	519996
519980	520418
524373	526263
526052	526076
532030	532921
532912	533617
537936	537984
537949	539329
539947	539983
539971	540022
541398	541590
541586	541910
543036	543678
543640	543691
543690	544146
543739	543781
549211	549736
549547	549562
553479	554160
553960	554860
555950	556631
556522	556582
557793	558138
558057	558171
560407	560557
560465	561164
563898	565173
564557	564602
565267	568288
566214	566250
570436	571444
571440	571515
572975	573056
572996	573254
576034	576409
576356	576635
585340	587476
587292	587358
587870	588980
588964	589750
591047	591098
591081	591588
593539	594727
594540	594561
596057	596162
596068	596125
612027	612051
612043	612133
612146	612194
612186	613335
615489	616389
616348	617251
619383	621234
619838	619877
623173	624061
624060	625293
625340	625406
625402	625603
637720	638956
638948	639683
644917	645022
644921	645656
645611	645701
645657	646632
649013	651290
651192	651309
653791	655237
655119	655155
655421	656249
655737	655764
658941	659721
659694	659796
662616	663480
663469	664063
674288	675029
675019	675058
675638	675887
675852	676035
676975	678787
677083	677113
684410	685955
685947	686310
686317	686458
686429	688475
698331	698370
698340	698928
704871	705069
705037	705943
707584	707659
707648	709220
714143	714515
714495	714528
717036	717240
717236	717980
727325	727547
727543	728062
731395	732559
732521	734630
735941	738773
738737	738917
744413	744824
744528	744558
745151	745220
745197	746280
748226	748478
748477	749068
755802	756093
756082	756337
759336	759561
759547	759607
759557	760382
760156	760192
760441	760672
760652	760868
760935	761100
761092	761356
762572	763028
762972	763392
765127	765298
765187	765433
765377	765449
765438	766623
766798	766819
766818	766986
767079	767451
767086	767164
770880	771021
770978	773135
782594	782798
782686	783001
785573	785642
785638	787081
789504	790314
790310	790793
792678	793995
793863	793890
794050	794794
794780	794819
796577	797849
797638	798052
798005	799277
799254	799341
800703	801675
801523	801829
802105	803344
803306	803321
803566	805735
805217	805232
805937	806027
806001	806208
806229	806319
806293	806500
809187	809832
809828	811049
811045	812440
812436	812886
815220	815322
815257	815326
822375	822402
822382	822439
825150	825891
825879	825954
826548	828315
828254	828389
828398	828470
828440	829052
832769	833357
832923	832953
834540	834783
834718	835330
844735	846190
845545	845572
848491	850171
850170	850974
856103	857120
857112	857178
857292	858273
858166	858184
858656	859379
859330	859957
861853	862669
862247	862262
863928	864435
864272	864308
872660	872855
872854	873196
878992	879718
879690	879933
880239	880383
880366	880825
880821	881421
880847	880868
884130	885567
885559	885925
885872	886001
885921	886593
886595	887552
887548	887863
888531	890862
890858	891011
891046	891529
891515	891953
891998	893078
893058	893568
894923	895925
895154	895220
897563	898832
898761	900078
900079	901429
901409	901778
901835	902057
901974	902067
903420	903720
903625	904015
904011	904482
904402	904570
905816	906023
905934	906519
906564	906798
906574	906652
909987	910848
909998	910034
912706	912757
912731	913043
913162	913414
913403	914435
915924	916845
916693	917470
918851	919763
919038	919059
919759	920005
920001	920361
920368	921643
920715	920808
922837	923371
923360	923684
924072	924387
924284	925310
934450	935686
935685	936891
941110	942325
941764	941806
943812	943866
943843	944476
945752	945803
945783	945807
947347	947887
947883	948555
948562	949855
949854	949959
950031	950796
950762	950978
950902	951151
951066	951852
951851	952658
952554	952770
960701	961499
961491	961860
962310	962991
962935	963229
963228	964278
963668	963707
965431	965830
965791	965833
966214	966781
966453	966618
978422	979217
978905	978971
980654	981992
981921	982023
982001	982415
982411	982933
986999	987245
987017	987056
994566	996066
996040	996079
999209	999992
999453	999474
1003569	1003590
1003586	1004300
1007033	1007825
1007821	1007854
1011458	1011512
1011469	1012621
1019237	1020341
1020228	1020255
1022241	1022991
1022972	1023362
1024679	1025882
1025622	1025646
1031731	1032520
1032221	1032284
1033690	1033810
1033806	1034184
1034298	1034901
1034900	1035374
1036304	1036511
1036359	1036461
1049130	1050129
1049825	1049870
1053210	1054197
1054165	1054297
1063161	1063236
1063220	1063910
1064513	1065230
1065226	1065280
1066624	1066702
1066665	1067454
1069116	1069296
1069219	1069876
1069831	1070872
1069976	1070000
1074199	1074334
1074257	1074518
1079895	1079991
1079962	1081852
1084614	1085292
1085251	1085353
1088501	1088633
1088623	1088806
1092424	1092511
1092497	1092875
1093074	1093293
1093273	1094266
1094296	1094854
1094607	1094670
1095027	1095348
1095179	1095203
1100689	1101223
1100889	1100955
1101541	1101586
1101585	1102284
1107424	1107790
1107738	1107819
1110227	1110932
1110922	1110949
1116005	1116482
1116471	1116495
1116551	1117169
1117168	1118074
1119009	1119231
1119049	1119064
1120143	1120809
1120808	1121189
1121969	1122602
1122577	1123153
1123113	1123206
1123195	1123369
1123328	1123445
1123396	1123435
1127996	1129373
1129359	1129416
1130214	1130742
1130741	1131698
1132395	1132890
1132730	1132757
1140031	1140685
1140664	1140829
1143040	1143892
1143881	1143980
1148692	1148761
1148744	1148774
1157063	1157783
1157463	1157508
1164711	1165182
1165129	1165288
1170794	1173998
1173879	1174050
1176014	1176167
1176064	1176682
1181197	1181374
1181370	1181562
1184354	1185455
1185332	1185395
1185562	1185625
1185611	1186553
1189517	1189922
1189603	1189639
1190376	1192473
1192394	1192607
1192603	1193074
1193070	1194354
1194416	1195181
1195177	1195834
1200620	1200917
1200909	1201269
1201538	1204598
1201990	1202005
1205186	1206932
1206068	1206080
1209268	1209637
1209617	1209746
1209797	1210016
1209852	1210062
1210112	1210553
1210549	1210984
1211288	1211765
1211761	1212439
1212781	1212850
1212839	1213307
1215497	1215812
1215805	1216246
1219878	1220067
1220042	1221521
1221631	1222381
1222377	1222911
1222922	1224251
1224210	1225902
1235009	1238906
1236988	1237015
1249024	1251226
1251168	1251609
1252231	1253287
1253283	1255143
1256069	1259264
1259250	1259298
1263982	1264069
1264028	1264781
1275583	1275742
1275729	1275855
1275922	1277209
1277178	1277205
1281340	1282108
1281962	1282349
1284127	1285513
1285459	1285555
1286940	1287057
1287025	1287922
1289615	1290881
1289887	1289923
1291104	1292721
1291561	1291612
1293908	1294265
1294182	1296681
1299906	1300596
1300585	1301623
1304223	1304373
1304363	1304609
1308362	1308923
1308861	1308930
1310156	1311509
1310188	1310224
1311769	1312075
1311986	1313936
1318293	1318785
1318765	1318849
1326631	1327234
1327082	1328171
1333704	1334124
1333970	1334054
1342835	1342856
1342854	1342944
1344998	1345142
1345032	1348995
1349190	1349496
1349212	1349350
1350313	1351156
1351155	1352385
1353562	1353730
1353710	1354847
1356796	1357477
1357056	1357140
1358957	1359605
1359587	1359674
1364602	1365940
1365798	1366404
1370832	1371435
1371431	1371731
1373953	1374364
1374363	1374555
1375201	1375825
1375814	1375856
1382066	1382207
1382142	1382193
1384956	1385079
1385069	1385120
1388012	1388072
1388061	1389678
1389661	1389694
1389687	1389834
1396374	1396800
1396781	1396853
1402444	1403446
1403425	1403506
1408114	1408672
1408671	1409097
1409463	1411248
1411239	1411281
1413199	1413220
1413213	1413969
1415940	1416942
1416907	1416982
1417045	1417123
1417094	1417202
1417944	1418514
1418423	1419440
1422872	1423448
1423084	1423099
1432539	1432860
1432628	1432757
1443734	1443779
1443772	1443799
1446563	1447568
1447440	1447458
1449994	1450117
1450113	1450263
1451425	1451572
1451552	1452305
1452270	1453194
1452940	1452952
1453174	1453258
1453193	1453322
1453474	1454239
1453870	1453960
1454344	1455259
1455170	1455248
1456656	1456836
1456741	1457746
1457773	1457818
1457781	1458195
1458209	1459007
1458751	1458769
1459155	1460460
1459255	1459279
1462200	1462605
1462589	1463120
1463896	1464028
1464002	1464992
1465042	1465516
1465401	1465779
1474031	1474100
1474092	1474122
1485019	1485187
1485030	1485345
1485354	1486527
1486523	1486613
1488625	1489069
1489068	1489863
1489871	1490195
1490173	1490677
1490686	1491538
1491537	1491915
1492425	1492536
1492480	1492783
1492907	1495613
1495476	1496088
1496196	1498053
1497718	1497745
1502729	1505162
1505142	1506474
1506439	1506502
1506483	1507350
1515191	1515410
1515408	1515519
1518571	1518712
1518669	1518690
1519856	1520438
1520409	1520478
1523586	1524741
1524737	1525265
1528168	1528795
1528794	1529511
1529464	1529545
1529495	1530209
1530657	1533915
1531681	1531696
1535541	1536564
1535702	1535732
1536560	1536656
1536637	1537453
1540017	1541382
1540814	1540847
1542340	1542391
1542360	1542774
1546692	1546749
1546717	1546855
1546851	1548030
1548026	1549079
1549082	1549433
1549220	1549289
1555896	1555908
1555899	1555929
1557542	1558532
1558044	1558068
1559190	1559658
1559605	1559641
1561317	1561641
1561637	1563092
1563211	1563535
1563482	1564085
1565072	1566134
1566127	1566427
1568307	1568889
1568881	1569733
1569710	1570832
1570821	1570935
1576416	1580682
1580237	1580255
1580641	1581868
1581857	1581989
1582109	1582889
1582713	1583190
1583191	1584292
1583247	1583268
1593004	1593265
1593264	1594059
1600266	1600782
1600778	1601723
1604204	1605362
1605358	1605991
1613480	1614479
1614456	1615110
1619420	1619897
1619890	1620751
1622280	1623267
1623238	1623310
1623297	1624575
1623994	1624030
1625128	1626148
1626110	1626161
1626302	1627109
1627056	1627182
1631600	1631873
1631619	1631685
1633397	1633538
1633401	1633485
1633687	1633804
1633789	1634740
1637787	1637865
1637797	1638298
1640629	1642909
1640868	1640907
1643161	1644271
1644245	1644608
1644600	1644660
1644616	1644895
1649001	1651158
1651147	1653322
1653535	1654129
1654121	1655294
1655360	1655792
1655754	1656084
1656696	1658259
1658057	1658078
1659496	1660303
1660299	1660977
1661700	1663317
1663258	1663294
1663350	1663479
1663478	1667390
1668369	1668468
1668403	1668511
1671486	1671576
1671517	1671550
1671640	1671820
1671802	1671841
1673853	1674312
1674229	1674328
1675270	1675987
1675970	1676744
1678606	1678924
1678895	1678934
1680121	1680907
1680903	1681698
1682116	1682752
1682481	1682526
1685151	1685355
1685351	1685873
1687929	1688475
1688474	1688936
1688936	1689854
1689816	1689879
1692818	1692980
1692912	1693899
1701297	1702470
1702421	1702442
1710554	1711034
1710993	1711059
1714173	1715106
1714273	1714291
1715145	1716144
1716140	1717112
1722198	1722294
1722223	1722277
1722589	1722820
1722632	1722857
1729924	1731298
1731291	1732374
1733821	1735006
1734998	1735028
1735017	1736073
1736064	1736106
1737709	1738630
1738629	1739337
1743072	1743156
1743133	1744291
1744469	1745192
1745034	1745058
1746435	1746954
1746934	1747549
1748223	1748493
1748407	1749580
1752643	1752832
1752771	1753167
1753333	1754503
1754057	1754111
1754502	1754604
1754572	1756264
1756256	1756352
1756335	1756431
1758899	1759274
1759270	1759687
1759728	1760109
1759730	1759754
1768109	1768676
1768675	1769662
1773514	1774198
1774197	1774863
1774866	1775727
1775489	1775504
1780975	1781977
1781921	1782038
1781981	1782107
1782064	1784248
1784231	1784465
1784244	1784346
1785495	1785921
1785913	1786345
1788439	1789345
1789277	1790429
1790464	1791649
1791611	1792247
1803301	1804192
1803508	1803562
1812935	1813550
1813054	1813099
1817633	1817678
1817643	1817790
1819236	1820046
1819961	1820093
1821166	1821976
1821975	1823025
1823068	1823917
1823906	1824380
1824558	1824873
1824872	1826567
1830908	1831919
1831391	1831424
1832279	1832543
1832434	1833106
1838578	1839121
1839107	1839119
1840327	1840813
1840812	1841433
1841422	1841467
1841432	1842065
1845392	1845785
1845588	1845888
1861275	1862229
1861624	1861693
1867840	1868794
1868783	1869500
1871005	1871368
1871364	1872381
1872402	1872480
1872439	1872940
1875778	1876309
1876308	1876329
1877791	1879090
1879089	1879926
1880425	1880563
1880490	1880595
1881332	1882364
1882325	1882439
1882629	1883292
1883197	1884352
