104	521
522	993
1002	1833
1819	2485
2606	3288
3290	4119
5117	7130
7477	9118
9143	9500
9788	11466
14125	16487
18230	19194
19192	20408
20417	20990
21000	22566
23205	25338
25868	27149
27351	28627
29197	29851
31677	32089
32105	32379
32380	34604
34607	34947
37446	38188
38189	39177
39171	40300
40372	41783
41825	42969
42963	43894
44209	45208
45219	47493
47468	48461
48512	49211
50352	51843
51869	55427
66336	67134
67133	67733
67761	68532
68555	69068
69069	69657
69849	71559
71562	72279
72624	73098
73091	74429
74520	74788
74917	75974
80454	82476
82616	83006
83002	83428
83931	85284
86731	88771
89050	89746
89756	90686
91939	92771
92791	93694
94398	95341
96372	97827
98031	100057
101377	102137
102133	102901
102932	104630
104832	106578
106721	107180
107217	108360
108384	109302
110241	112104
112134	112710
112709	113480
116649	118194
118361	120570
122931	125364
125722	127559
127557	128167
128149	128342
128437	128786
128987	129846
132533	133901
133900	135142
135324	136672
137326	137785
138422	139868
140851	142499
142550	144204
144227	145100
145214	146663
146834	148299
148313	149010
149019	149239
149242	150119
153432	154474
154485	155767
156654	157141
158115	159219
159374	160293
161539	162499
162532	163864
163889	164567
165564	166845
167648	168740
168800	169976
169985	170753
171949	172847
172865	173787
173810	174372
174874	175903
175906	176548
176544	177822
178765	180269
180270	181519
185694	187203
187224	187962
187954	190099
190108	190876
191093	191796
191807	192633
192644	193653
193719	194875
194943	195355
195754	195899
195964	196985
197011	198002
202477	203582
203595	204768
204928	206279
206383	208247
208443	209196
209654	210806
210816	212682
212779	214436
214450	215249
215251	216356
218892	220054
220077	221056
221558	222903
223018	224096
225573	227664
227920	229076
229310	230762
230955	231687
233282	234453
235701	236769
237233	238154
238164	239898
239901	241251
241250	242174
242876	243311
243516	244662
244972	246001
246191	247668
249373	250924
252294	253750
253764	255175
255275	256509
257599	258644
258658	259919
259938	261111
262118	262875
262949	265518
265573	266294
266305	267437
267426	268651
268964	270276
275351	275604
275615	277068
277066	278075
278073	279058
279128	280244
281743	282773
284333	285588
285576	287227
288303	297028
297077	298293
298299	298588
299475	301153
301349	302367
302448	304935
305178	305491
305507	305772
305890	307538
307550	308553
308554	309410
309423	310285
310283	311088
311108	312189
314057	315348
316122	316999
317013	317893
318317	319278
319283	320426
321804	323430
323432	323672
323743	324364
325845	326386
326395	327133
327275	327987
329555	330096
330028	330967
330963	331746
331999	332990
333015	333820
333818	334050
334058	334857
334855	335258
340456	341353
341352	342903
342911	344528
345496	347198
347212	348242
348236	349008
349006	350861
350859	352666
354247	355057
355110	356397
356559	359127
361450	363376
363422	364265
364230	364938
365521	366443
366698	368136
368228	369882
371196	372190
374808	375009
375009	377235
377231	377945
378191	380090
380098	381088
381088	381463
381753	382354
383131	383668
383664	384702
384702	385449
385441	385909
385975	386986
386986	387799
391803	392389
392387	393273
393823	394703
394942	397775
397776	398110
398651	400640
400840	401951
402293	402963
403764	404808
404838	407040
407177	407448
408900	409402
409417	410489
410487	410977
410972	412344
412342	413225
413523	414289
414283	415346
415351	416213
417291	417744
417903	419079
419075	419447
419456	420323
422949	423846
423867	425088
425109	426540
426584	428027
428240	428780
429397	430186
430182	431085
431099	432434
432430	433486
433522	435550
435986	437246
437238	438870
447055	448792
448870	450139
450467	451028
451255	451994
452017	452690
452688	453484
453600	454992
455110	456209
456219	457855
457822	458669
458716	460514
460519	461564
461567	462318
462524	463469
463757	465342
465415	466826
470954	471426
471426	473802
474127	475643
477015	477345
477699	478432
478642	480797
480857	481209
481678	482759
482801	483294
483285	483721
484380	485980
485986	486656
487378	487898
487908	488899
488897	490281
490275	490852
493690	494668
494867	496467
499896	500512
503596	504374
504372	505180
505174	505835
506680	507958
507954	508956
508959	510723
512570	512855
513006	514392
515441	516228
516231	516820
516881	518241
518252	519696
519819	520498
520821	521068
521297	522119
522475	523411
523415	523736
524169	525435
525445	527230
527874	528516
528519	530190
530692	531466
531468	532242
532257	533025
533025	533643
535453	536054
536070	536620
536628	536983
539585	540206
540289	541142
541310	542343
543359	543936
544014	544234
544236	544672
544686	545215
545226	545701
545821	546602
546632	547467
547580	548934
548953	549542
549548	550071
550078	551597
551623	553682
554108	555338
555324	555957
557676	559176
559455	560688
560677	563275
563424	563977
565004	566372
568361	570920
571844	572565
572608	572831
572819	575145
575170	576377
576395	577485
577493	578838
579680	580757
580749	581355
581441	582405
585208	586090
587405	588915
588915	590169
591670	592549
592724	593384
593663	594044
594084	596142
596158	596518
597805	598612
598598	599270
599266	600442
601668	602652
604014	605158
605223	606180
606244	606730
606739	608221
608933	609983
610054	610531
610680	611788
611798	612258
615501	617218
618741	619756
619850	620835
620833	621722
621943	623909
623983	625315
625445	626436
628280	628911
628981	630692
630690	631090
631104	631825
631829	633072
635169	637134
638828	639755
639932	640754
640920	643744
644986	646132
646601	649085
649100	649487
651413	653711
657461	658832
658845	659469
659465	660164
660174	661350
662591	664518
664770	667072
667108	667855
667945	669245
670472	672837
672900	673846
674731	675236
675300	676371
677474	678647
678809	679622
683720	684950
684936	685569
687101	688403
688399	689773
690324	691422
691418	692117
692128	692560
694838	696263
698632	701413
702832	703334
703351	703973
704014	705422
705430	706060
706065	707472
707529	708798
709219	710041
710037	711720
712018	713338
713502	714156
714157	715015
715182	716391
717208	718183
720860	721397
721393	722068
722080	723817
723826	724981
725145	725728
729128	730334
730336	731416
732657	734005
734390	736638
736779	737301
738672	739248
739264	740998
741032	741974
742053	744022
746314	755878
756610	759700
759709	760414
760424	761858
761867	762887
763569	764226
764353	765886
766040	767820
767893	769193
769217	770337
770339	772317
772319	772898
773376	774849
775123	777058
777054	780000
780154	780715
780714	781536
781537	782665
782664	783006
783189	784179
787266	787915
787998	788368
789231	790204
790209	791227
795166	796037
796038	796909
797650	798098
798556	799094
799736	801225
801228	802327
804459	805276
807829	808040
808080	808822
809054	809289
809394	810631
810655	811592
814363	815047
815059	815923
815947	816151
816415	817730
817769	818535
820473	821379
821378	822710
822709	823252
823255	823705
824051	825281
825267	825900
828426	829870
830096	830267
830697	831462
831484	832864
838066	840388
840400	841525
842663	843992
844002	845331
845562	845962
846208	847477
847478	848540
848667	849502
849603	849790
849974	851109
855213	855765
857802	859186
859188	860584
860808	864745
864817	865585
865584	866565
866557	867412
867553	868076
869744	871985
873029	874142
874159	874396
874395	875124
876981	878538
878920	880457
880509	881428
881426	883242
883295	883875
883898	885036
885041	887067
887655	889207
889230	890827
891700	893245
893570	896012
896631	899889
900827	901824
901906	909479
909532	910625
910692	910899
911057	911637
911635	912779
912767	913698
913700	914241
914258	915168
915166	915968
922443	923133
923140	923902
923969	925103
925109	926462
926502	927735
927757	928135
929063	930543
932657	933110
933123	933993
934075	934688
934700	935355
935988	936621
936617	937472
937481	938210
938228	939410
940932	941829
941842	942781
942912	943209
943276	945214
949901	952964
952960	954040
955324	957430
958675	960149
960165	960445
960540	961860
961991	963453
963469	964949
965075	966237
967381	967676
967670	967923
968425	969248
980785	982135
994800	996648
996662	997832
1000075	1002028
1002198	1003366
1006469	1007219
1007302	1008829
1009504	1011895
1012614	1013937
1013955	1014270
1014352	1015337
1015338	1017631
1017648	1018936
1018927	1019750
1019872	1021541
1022138	1023711
1023722	1025571
1027014	1027948
1028005	1030451
1030449	1030945
1031204	1031705
1031929	1032569
1033385	1035245
1037380	1038602
1038600	1039423
1039496	1040841
1040854	1042183
1042192	1045003
1045755	1046763
1047252	1047931
1050299	1050866
1050997	1051478
1051485	1052851
1052945	1053906
1053904	1054454
1055153	1056288
1056600	1057624
1057635	1058263
1059313	1060040
1060033	1061068
1063337	1064088
1064294	1065167
1065241	1065862
1065880	1067707
1067775	1069051
1069063	1069745
1069733	1070742
1070904	1071949
1071960	1073256
1074748	1075411
1075690	1076249
1076266	1076657
1076668	1077890
1077904	1078847
1078958	1080279
1080351	1081183
1081193	1083170
1088185	1089889
1090104	1091925
1092492	1093449
1093589	1093820
1094094	1094652
1095641	1096181
1096247	1097501
1098337	1098739
1098791	1099361
1099371	1099746
1099752	1101162
1101183	1102089
1102103	1103615
1103637	1104180
1104180	1104696
1104699	1105134
1105244	1106120
1106119	1106914
1106916	1107555
1107563	1108475
1116817	1117174
1117195	1117885
1117885	1118440
1118440	1118788
1118804	1119035
1119108	1120455
1120470	1123095
1123227	1123633
1123645	1124705
1124815	1126898
1126922	1130598
1130612	1131384
1131412	1131944
1132189	1132612
1132665	1133160
1133968	1134158
1134185	1135155
1135161	1136322
1136387	1138023
1138330	1139744
1140096	1142160
1142372	1143024
1143028	1143698
1143701	1144446
1144466	1145328
1146222	1147446
1147574	1148882
1149343	1151236
1152056	1152758
1152754	1153996
1154007	1155264
1155581	1156911
1156933	1157693
1157701	1158853
1158878	1160258
1160418	1161594
1161867	1162609
1164419	1165460
1165446	1166775
1166838	1167886
1168564	1169552
1170113	1172192
1172203	1172671
1172686	1173094
1173182	1181855
1182077	1182455
1182500	1182995
1183103	1183808
1183852	1184278
1184295	1184826
1184852	1185032
1185288	1185447
1185480	1186680
1187382	1189117
1189127	1189796
1189996	1190986
1191750	1192266
1192863	1193181
1193313	1195380
1195382	1196087
1196100	1198362
1198892	1200167
1200479	1201166
1201159	1201864
1201903	1204744
1205152	1205831
1205880	1206271
1206316	1207354
1207451	1207740
1207902	1208368
1208371	1209587
1209585	1210126
1210124	1210779
1210777	1211918
1215637	1216763
1216930	1217933
1218377	1218950
1218951	1221495
1225449	1225707
1225729	1226275
1226284	1226713
1227057	1228080
1228069	1230007
1230006	1230798
1231404	1232451
1232447	1234229
1234229	1235210
1235280	1236018
1236136	1236740
1236741	1237297
1237302	1237906
1238358	1239046
1239155	1239555
1239556	1240034
1240035	1240831
1240834	1242062
1242060	1242289
1242293	1243278
1243276	1245836
1245834	1246822
1246834	1247495
1247489	1248036
1248034	1248335
1248339	1250176
1250181	1251718
1251706	1253177
1253168	1255572
1255575	1256950
1257771	1258560
1258556	1259738
1259738	1261097
1261089	1262097
1262093	1262678
1262674	1264177
1264410	1265466
1265533	1266271
1267006	1267660
1268353	1268711
1269432	1270093
1270091	1270695
1271339	1271690
1271689	1272724
1272735	1273362
1273371	1273767
1273789	1274152
1274155	1274269
1274346	1274565
1274564	1275326
1275325	1276588
1276627	1277029
1277048	1277492
1277506	1277863
1277876	1278413
1278423	1278819
1278828	1279014
1279023	1279569
1279581	1279803
1279802	1280171
1280173	1280434
1280447	1280660
1280634	1281060
1281062	1281767
1281770	1282139
1282148	1282430
1282441	1283272
1283287	1283569
1283572	1284220
1284254	1284830
1284866	1285181
1287294	1287909
1288213	1289605
1291398	1292422
1292424	1295530
1295510	1295867
1295860	1296547
1296557	1297667
1298977	1300006
1300903	1301419
1301411	1301858
1302193	1302629
1302627	1303015
1302982	1303832
1304028	1306117
1306255	1306984
1306990	1307947
1307962	1309171
1309186	1310179
1310260	1310962
1310958	1311660
1312824	1314204
1316483	1317114
1317102	1318330
1319611	1321046
1321451	1322324
1322323	1323403
1327166	1327988
1327987	1328998
1328987	1329791
1330790	1331675
1331701	1332931
1333011	1334472
1337053	1337695
1340245	1343150
1343206	1343953
1343956	1345000
1345041	1346388
1346389	1347202
1347204	1347684
1347865	1348267
1349368	1351844
1351842	1352680
1353007	1353871
1354141	1356022
1356015	1358562
1358768	1359615
1359616	1360493
1368434	1368881
1369384	1370186
1370188	1371290
1373057	1373837
1373840	1374107
1374117	1375422
1375422	1376337
1376353	1379116
1379140	1379395
1381811	1382885
1382881	1383865
1383854	1385933
1385970	1386786
1387747	1388836
1388877	1389759
1389761	1390640
1396809	1397299
1397319	1397548
1397546	1398351
1398349	1398806
1398813	1399264
1399276	1399676
1399749	1399882
1399843	1400327
1400674	1402313
1403104	1404455
1404656	1406895
1408754	1409282
1410297	1410612
1410667	1411441
1411437	1415073
1415233	1416284
1417859	1418675
1418659	1419448
1419444	1420578
1420714	1421408
1421412	1422435
1422486	1423233
1423347	1426017
1429975	1430551
1430552	1431026
1431025	1431589
1431598	1432255
1432251	1434297
1436840	1438088
1438088	1438886
1438889	1439150
1439159	1439900
1440925	1442056
1442052	1443150
1444162	1445695
1445691	1447041
1447143	1448745
1448887	1449155
1449783	1451125
1451130	1452079
1452135	1452670
1452681	1453240
1453251	1454317
1455670	1456837
1457449	1459801
1460524	1461559
1461555	1462782
1462869	1464067
1464076	1465453
1465560	1466221
1466219	1466571
1467036	1469674
1469902	1471061
1471159	1472345
1474269	1478010
1478212	1481119
1483099	1484971
1485405	1486039
1486035	1486788
1486967	1488407
1488635	1490003
1490157	1490698
1490982	1492774
1492797	1493422
1493749	1494871
1494879	1497330
1497399	1500364
1501169	1503698
1504231	1505200
1505405	1506546
1508431	1509160
1509347	1510200
1510222	1511795
1511793	1513099
1513750	1514027
1514028	1515151
1515149	1515288
1515364	1515683
1515671	1515810
1515812	1516740
1516952	1517241
1517856	1519086
1519072	1519705
1522015	1522879
1522856	1523510
1523582	1524453
1524670	1525565
1526406	1527264
1527260	1528499
1528509	1529013
1529147	1532135
1532467	1533406
1533414	1534344
1534340	1535516
1536014	1538441
1538795	1539767
1539775	1541353
1541349	1541733
1541780	1543130
1543120	1545958
1546207	1547000
1547001	1548067
1548513	1550361
1550516	1550846
1550973	1551459
1551471	1551894
1552100	1553265
1553287	1554295
1554536	1555131
1555278	1556092
1556571	1558338
1558774	1559401
1560516	1561011
1561007	1561952
1561951	1563070
1563158	1563923
1563999	1564618
1564911	1565893
1565896	1566542
1566573	1567692
1568771	1569782
1569919	1570706
1570709	1571631
1571697	1572718
1572896	1573683
