191	255
535	911
986	3510
3513	4444
4446	5731
5800	5948
5946	6241
6020	6269
6061	6323
6300	7077
7146	8577
8794	9809
9922	10511
10534	10672
10715	11282
11430	12144
12169	12574
12903	14940
12947	14862
14952	16081
16954	17714
17699	19227
19357	20615
20851	22016
22059	22981
22947	23076
23076	23340
23444	23661
23670	24610
24654	27469
27470	27963
28072	28520
28478	29472
30476	30840
31002	31822
31863	32031
32102	32238
32252	33426
33445	36665
36822	37321
37439	38051
38035	38929
38929	40498
40555	41773
41900	43043
43073	44588
44999	45831
46810	48095
48093	48379
48439	49769
49878	50407
50401	52262
52320	52933
53020	53252
53256	53569
53565	54414
54386	54738
54420	54798
54800	55622
55618	56608
56607	57894
57946	60301
60464	61371
61488	62148
62159	65066
65230	67582
67724	68232
68368	69064
69348	70851
70861	72562
72902	73746
74012	74133
74259	74494
74537	75108
75116	75537
75693	76456
76569	77289
77251	78862
78837	79833
79984	81661
82027	82535
82678	83284
82731	82915
83294	84695
84697	85792
85788	87402
87450	87537
87997	88118
88196	89139
89174	89303
89368	91181
91155	91675
91728	91858
91856	92859
93426	93919
93922	94862
94860	95224
95241	97006
96994	98480
98478	99835
99830	100911
100915	102230
102228	103474
103472	104538
104593	106067
106061	106980
106983	107812
107810	109071
109133	110283
110385	111301
111380	112044
112107	114811
114872	115269
115373	115893
115994	116715
116786	116982
116787	116985
116994	117738
117737	118358
118584	119626
119660	120863
120852	122238
122247	122688
122891	123827
123874	124424
124422	125275
125317	126688
128998	129293
129266	129410
129967	130090
130381	130670
131045	131370
131368	132257
132407	133203
133199	133382
133365	136027
138081	139567
139808	141590
141793	144542
144670	145079
145116	145911
145926	146793
146898	147417
147374	148962
149039	151448
151598	152172
152212	152875
152985	153910
153908	154677
154783	155222
155287	156515
156518	156899
156868	157052
157174	158117
158187	158383
158464	159238
159328	160123
160234	161524
161549	162146
162172	162787
162792	163359
163375	165964
165998	166739
166847	167462
167430	167571
167480	167607
167801	168281
168277	169696
169734	170661
170697	171171
171330	172035
172049	172589
172610	175083
175010	175178
175178	177711
177775	177958
177932	180189
180136	181037
181035	181927
181925	183906
183940	185221
185447	186867
186917	187293
187044	187305
187339	187963
188000	188801
188793	189492
189577	191093
191224	192647
192783	193291
193496	194670
194722	195109
195420	196245
196275	198948
199009	199804
199975	200897
200848	201778
201033	201883
202031	202755
202906	203462
204939	205699
205713	206569
206537	207933
207964	210395
210518	211002
211007	212031
212044	212591
212596	213383
213384	214531
214529	215124
215162	218643
218586	219522
218657	219615
219714	221854
221885	222300
222366	223678
223711	223972
223958	224159
224326	224870
224868	225289
225304	226013
226160	226883
226982	227513
227598	228432
228475	230248
230304	231012
231008	231413
231530	232343
232382	233036
233028	234060
234249	234820
240569	241371
241367	242282
242500	243323
243402	244171
244219	245578
245649	246405
246422	247161
247157	247736
247682	248421
248671	249014
248750	248996
249161	249608
249924	250144
250215	250564
250596	251242
251194	252143
251501	251666
252252	253386
253451	253635
253784	254469
254518	254771
254849	255197
256928	257682
257756	258134
258180	258645
258604	259249
259267	259489
259551	260043
259565	260523
260043	260589
260610	260835
260824	261671
260855	261677
261776	262010
262127	262613
262735	262984
263014	263653
263699	264206
268314	268662
268879	269005
269021	269378
269536	270640
271031	271638
271867	272603
272720	273530
274014	276178
276187	277178
277198	278255
278253	279019
279869	280236
279882	280306
279919	280066
280839	281023
281125	281261
281169	281313
281761	281960
281862	282471
283148	283940
285016	285155
286353	286741
286739	287163
287366	287607
287636	288201
288255	288409
288307	288521
288426	288717
289105	289744
289987	291158
290958	291114
291189	291988
292733	294246
294177	296482
295180	295303
296576	297555
297874	298303
299621	299861
299992	300116
300642	301428
301732	302651
302680	303995
304008	305020
305942	307199
307211	307499
307514	307958
308230	309260
309546	309678
309762	309915
310628	310817
312646	322295
323696	323937
324083	325206
326208	330324
330392	330552
331416	331623
332303	332630
333751	334046
334493	334875
334873	335351
335168	335291
336047	337293
337319	339465
339512	340773
340973	345804
345926	346407
346409	346938
346888	347158
347298	347775
348229	348353
348624	349404
349550	350022
350064	352587
352588	353327
353518	354299
354269	355010
355266	355404
355380	356071
356345	358085
358028	358815
358887	359941
359939	360390
360569	361719
361717	362330
362386	363844
364106	364563
364236	364689
364656	365899
365958	366358
366396	367458
367703	368844
368857	370109
370455	370792
371226	371751
371876	376007
376321	376517
376436	376560
376601	376815
377118	377293
377673	377854
378118	378731
379615	380371
380294	381938
381927	384453
384478	385195
385203	385791
385865	386456
387491	387635
387631	387898
388834	388978
388989	389979
390150	391071
391166	392154
392280	393247
393277	394267
394293	395145
395712	399961
400085	400976
401177	402060
402219	402822
402824	403076
403169	404522
404672	405576
406103	406821
406833	408259
408100	408947
409189	409858
410041	412372
414419	415022
416068	417784
417752	419228
419238	419844
419956	421988
422859	423952
423993	424926
425017	425515
425593	425834
425774	426378
426419	427281
427272	428818
430663	431612
431623	433004
433225	433381
433382	434430
435311	435986
436134	436408
436508	438095
438335	439224
439385	440553
440588	442038
442079	443964
444290	445548
445524	446821
446941	447604
447618	448872
448923	451998
452121	452388
453389	453945
453447	453999
454172	455006
455098	456208
456242	456539
456704	457478
457479	458004
458038	459235
459244	459931
460375	460570
460468	461486
461500	462266
461899	462214
462264	463090
463088	463938
463977	464985
465479	468465
468507	469174
469174	470332
470471	470664
470679	471904
471918	473011
473069	473378
473309	473442
473507	473850
473873	474968
475047	475168
475432	475691
475724	477207
477309	477646
477749	478863
478879	479797
479690	480267
480451	480974
481025	481215
481407	481552
481474	482150
482223	482506
482609	482765
482715	482995
483152	484136
484052	485097
485365	486634
486675	489819
489815	491018
491005	491135
491209	491897
491956	493250
493462	493612
493658	494976
495050	496425
496582	498398
498402	499041
499204	500273
500329	501455
501449	501810
501839	503685
503652	504667
504729	505144
505181	506114
506364	506964
507056	507504
507509	508611
508605	509170
509159	509693
509191	509609
509688	510664
510643	511160
511213	512188
512242	514105
514129	515029
515028	515271
515478	516925
516978	517575
517531	518443
518444	519102
519229	520792
520742	521633
521644	521974
521973	522588
522577	524569
524590	525538
525996	527472
527472	528070
527515	528196
528143	528275
528367	528716
528642	529065
528726	528913
529061	530358
529068	530370
530605	531227
531354	532627
532771	535169
535379	535650
535843	537713
537865	538235
538342	538739
538790	539486
539550	541266
541340	542169
542303	542811
542926	543491
543522	545293
545173	547067
547080	547221
547249	547586
547304	547538
547617	548902
548950	549895
550030	550601
550631	551042
551323	551675
551716	553273
553430	553940
554016	554568
554740	554971
554984	555359
555903	559053
559075	560305
560412	561058
561141	561304
561187	564548
564759	564921
564934	565462
565533	565909
566009	566613
566743	568673
568712	569055
569056	569660
569771	571644
571766	572469
572602	573563
573559	574519
574672	575975
576104	577781
578018	579239
579458	581109
581145	581625
581828	582623
583094	583434
583491	585996
586260	587191
587195	588486
588612	589018
589018	590242
590360	590819
590815	591733
591877	592556
593385	594276
594300	595110
595099	595756
595695	596380
596378	598791
598941	599901
600095	601022
601253	601734
601813	602627
602628	604498
604512	605287
605388	606265
606436	607889
607950	609310
609361	610667
610684	611834
611962	612748
612758	614012
614015	615065
615383	617049
617060	618318
618237	619144
619142	620034
620166	621234
621230	621767
621835	622165
622275	622998
623000	623495
623670	625054
625089	625527
625719	625953
625933	626800
626842	627038
627790	628145
628119	628243
628199	628865
629099	630053
630711	631602
631602	634596
634561	636724
636948	638391
638380	639064
639222	640603
640628	640959
640976	642198
642211	645353
645420	646837
646993	648241
648348	649002
649080	649464
649528	649777
649842	650961
651686	652457
652481	654722
654716	654846
654966	656167
656386	660266
660514	661646
661642	662458
662454	663447
663443	664460
664560	665809
665812	666769
666947	668133
668144	669753
669768	670624
670625	671370
671374	671786
671968	674072
674186	674382
674391	675480
675590	676749
676749	677379
677351	678572
678718	679657
679825	680632
680910	681426
680945	681507
681649	683243
683363	683825
684148	684559
684788	685613
685708	687172
687222	688101
688075	688627
688596	689989
688630	690163
690166	691211
690173	691097
691389	692397
692769	694486
694456	695135
695175	696561
697149	697708
697800	698092
698145	698529
698617	699410
699540	699742
699841	700807
701626	702268
702368	702632
702741	703953
703992	704116
704092	705181
705191	706304
706306	708208
708238	708706
708709	709027
709286	709901
709921	710626
710564	711596
711595	712177
712191	714915
715010	715491
715535	716504
716588	717314
717313	717988
717987	718728
718897	719875
719942	720063
720261	722137
722214	723753
723777	724656
724745	725213
725209	726289
726270	726412
726402	727827
727953	729148
730387	732286
732307	733060
733107	734328
734336	735485
735544	736345
736393	736528
736679	738624
738593	738746
738712	739993
740006	740477
740473	741643
741678	742437
742496	743384
743387	744545
744821	745950
745944	746929
746932	747692
747913	749576
749808	750265
750731	752136
752187	752512
752595	753042
753330	753978
754000	754363
754433	755198
755249	755928
755904	757594
757650	758970
758966	761174
761178	761331
761790	762468
762464	765152
765141	765738
765722	767771
767793	769467
769466	769670
769870	770075
770177	770685
770683	772100
772141	773623
773895	774637
774661	775316
775311	776242
776233	776966
777003	777793
777789	778881
779119	779362
779509	780793
780776	780966
781488	781891
781543	781774
781886	782232
782221	783998
784015	784730
785282	788082
788098	789314
789409	790574
790575	791443
791684	792642
792672	793024
793091	793214
793231	793378
794126	795696
795713	796851
795765	796881
796980	797272
797423	797826
797824	798515
798520	798947
799013	800277
800408	801702
801670	802291
801714	802258
802269	802933
802858	803060
802904	803204
804207	805249
805288	806006
806002	806401
806489	806919
806504	806885
807202	808253
808418	809186
809373	810414
810407	811556
811559	812606
812615	813632
813893	815378
815433	816222
816346	816500
816437	816645
816668	817440
817441	818129
818133	819190
819190	820009
820165	821159
821199	822216
822338	823389
823466	824898
825058	827342
827481	828765
828916	829393
829503	830632
829651	829858
830742	832143
830810	831006
832120	833159
833157	834310
834259	835052
835046	835722
835888	836026
836302	838322
838359	839328
839585	840654
840677	841188
840929	841421
841192	841676
841649	841914
841917	842368
842425	843209
843140	843272
843389	844128
844163	845120
845119	846361
846357	847119
847253	847662
847623	848730
848740	849874
849866	851618
851595	852594
852593	853277
853495	854855
854931	855072
855087	855393
855393	857542
857571	858532
858674	859758
859985	860246
860500	860866
860510	860777
860850	861564
861743	864026
864290	864695
864738	865753
865749	868002
868091	868814
868810	869470
869608	870355
870281	870473
870758	871262
871562	872462
872798	873318
873367	874951
875222	875351
875538	876004
876002	877119
877176	878097
878317	879908
880107	880923
881068	883501
883506	884433
884466	885199
885274	886024
886023	887259
887464	888428
888398	890286
890151	891844
891863	892782
892786	893696
893874	896221
896230	897557
897603	898929
899110	899525
899637	900751
900747	901380
901601	902823
902869	903628
903685	904282
904538	905799
905839	906124
906209	907028
907024	908296
908288	908853
909331	910363
910449	911421
911433	912360
912450	912670
912650	913212
913191	913420
913523	913725
913788	914026
914039	914253
914251	915107
915105	917518
917800	918104
918326	918525
918530	919311
919532	920685
920736	921774
921770	923537
923546	923708
923687	924513
924409	925702
924531	925588
925692	926242
926276	926802
926803	927005
927010	927224
927206	927717
927678	928096
928094	928521
928597	929048
928962	929520
929042	929487
929557	930134
930132	930490
930478	931385
931379	931983
931407	931989
931981	933419
933423	933898
933881	934913
935128	936299
936310	936824
936326	936911
936880	937181
936907	937363
937543	940385
940383	940867
940865	941964
942023	942273
942508	944194
944465	944841
944870	945143
945289	945575
945560	946281
946343	947244
947285	947808
948014	949269
949284	950497
950508	951451
951407	952293
952354	952841
952883	954009
954037	954820
954994	955663
955662	956379
956385	957117
957134	957962
958080	958620
958723	959045
959043	959872
959868	960945
960980	962486
962421	963423
963459	965178
965310	966285
966290	967949
968086	968986
968965	969098
969479	970181
970387	970543
970602	972259
972255	973248
973318	973451
973337	974478
976079	976422
976494	976749
977043	977362
977379	979669
979725	980118
980353	980572
980856	981561
981602	983324
983324	985091
985213	986299
986670	987217
987353	991395
991552	992165
992177	993519
993611	994902
995142	997585
997597	998213
998216	999078
999113	999839
999894	1000023
999972	1000108
1000055	1001202
1001298	1002066
1003280	1004493
1004568	1005765
1005831	1007625
1007723	1008414
1008614	1009701
1009773	1011055
1011217	1011989
1012163	1012845
1012957	1014629
1014790	1015073
1014797	1015106
1015250	1017543
1016635	1016768
1017581	1019328
1020350	1021581
1021634	1021815
1021813	1022558
1022713	1023605
1023581	1024361
1024263	1024428
1024486	1025282
1025280	1026601
1026556	1027286
1027287	1031746
1032008	1033854
1034027	1034583
1034611	1035257
1035306	1036497
1036681	1037770
1038372	1039773
1039941	1041192
1039961	1040145
1041411	1044022
1044216	1044984
1044980	1045775
1045783	1046929
1046925	1047927
1047877	1048453
1048664	1049700
1049839	1050416
1050412	1051522
1051621	1053728
1053741	1055647
1055778	1057030
1056976	1058675
1058673	1059235
1059399	1059531
1059726	1060353
1060313	1062074
1062261	1062712
1062789	1063929
1063997	1064214
1064197	1064713
1064927	1065555
1065517	1067680
1067689	1068136
1068167	1070313
1070344	1070812
1070898	1071561
1071654	1072147
1072117	1072511
1072191	1072560
1072566	1073757
1073733	1074130
1074126	1074456
1074173	1074474
1074543	1075186
1074547	1075207
1075408	1075585
1075768	1075909
1075902	1077046
1077044	1078836
1078856	1079562
1079560	1080146
1080144	1080541
1080539	1081395
1081530	1083073
1083086	1084221
1084377	1085716
1085703	1085916
1086203	1086414
1086556	1086818
1086809	1086981
1086822	1086996
1087029	1088103
1088185	1089916
1090697	1090967
1091002	1092029
1092001	1092694
1092777	1093996
1093997	1096542
1096507	1097138
1097493	1097799
1097798	1098719
1099255	1100210
1100242	1100495
1100532	1100760
1100780	1101377
1101782	1101939
1101937	1102073
1102005	1103400
1103354	1103909
1103859	1104450
1104459	1105287
1105267	1105654
1105665	1106400
1106357	1107539
1107711	1108375
1108414	1112443
1112433	1112641
1112528	1112720
1112801	1114308
1114593	1115359
1115418	1116544
1116551	1117821
1117957	1118092
1118313	1119235
1119284	1119698
1119699	1121025
1121017	1123036
1123044	1125468
1125934	1127423
1127703	1128904
1131196	1131359
1131408	1131799
1132072	1132319
1132945	1134404
1136059	1136317
1136064	1136269
1136437	1138438
1138352	1139519
1139940	1140564
1142430	1142953
1143015	1143180
1143726	1144956
1144952	1145684
1146144	1147323
1150785	1151208
1151211	1152834
1152805	1152928
1153218	1154577
1155159	1155411
1155422	1155680
1155654	1156494
1157235	1158294
1159314	1162039
1162000	1163231
1163192	1164804
1165326	1165702
1166203	1166597
1166394	1166571
1167824	1168386
1168462	1168702
1169461	1169669
1169791	1169947
1169967	1170276
1170357	1170861
1170832	1171582
1172486	1173561
1173450	1173682
1174033	1174163
1174627	1175380
1175363	1175588
1176757	1177049
1177322	1178871
1178898	1179349
1179503	1180776
1180752	1182865
1183571	1184258
1186871	1187156
1187513	1187841
1188214	1188755
1188842	1189365
1189407	1190101
1190124	1192801
1192815	1193341
1193364	1193866
1193818	1194827
1195132	1195871
1196019	1196569
1196894	1197932
1197943	1198136
1198163	1200339
1200383	1201340
1201424	1202654
1202757	1206495
1206556	1207720
1208211	1208509
1208637	1209145
1209272	1209635
1210327	1210688
1210511	1210944
1211506	1211965
1211976	1212342
1212503	1213394
1213390	1213717
1213742	1214183
1214530	1216499
1216519	1217309
1217511	1218772
1218878	1219061
1219724	1220859
1220896	1221437
1223810	1224107
1224408	1225279
1225455	1228729
1228845	1231366
1231443	1231897
1231916	1232043
1232015	1232204
1232309	1233129
1232313	1233222
1233321	1233865
1233385	1234345
1233882	1234357
1236837	1237057
1237077	1237720
1237771	1237961
1237978	1238144
1238192	1238571
1238569	1239056
1239427	1239935
1240485	1240752
1241248	1241404
1241385	1242322
1242378	1243114
1243139	1243692
1243747	1244285
1244349	1245183
1245209	1245626
1245650	1246040
1246044	1246695
1246670	1246809
1247219	1247354
1247422	1247903
1247945	1248402
1248462	1248793
1248915	1249225
1249321	1249853
1249796	1251276
1251283	1252441
1252485	1252629
1252818	1254370
1254334	1256906
1256916	1257139
1257079	1257305
1257286	1257661
1257305	1257683
1257762	1258989
1259160	1260144
1260253	1261358
1261399	1261975
1261978	1262557
1262536	1262681
1262806	1262944
1262964	1264083
1264197	1264455
1264741	1265044
1265060	1266107
1266212	1266830
1266906	1267554
1267617	1268856
1269063	1269646
1269658	1270304
1270866	1271265
1271343	1272877
1272916	1273333
1273337	1273631
1273706	1274366
1274523	1274938
1274943	1275346
1275359	1276053
1276079	1277283
1277304	1278058
1278231	1279012
1279051	1279763
1279773	1280872
1280843	1281813
1281880	1283522
1283535	1284487
1284681	1287867
1288441	1289399
1289510	1290134
1290106	1290235
1290294	1290814
1291121	1292190
1292259	1293211
1293228	1294156
1295062	1295437
1295118	1295353
1295441	1296681
1296802	1297583
1297594	1297772
1297613	1297746
1297827	1298635
1298626	1299266
1299264	1300267
1300219	1301075
1301371	1302803
1302862	1305052
1305084	1305255
1305369	1305745
1305749	1306125
1306137	1306780
1306762	1307585
1307597	1308621
1308588	1309186
1309559	1310889
1311078	1311655
1311804	1312312
1312427	1313138
1313302	1313558
1313639	1314773
1315399	1318255
1318319	1319393
1319655	1320853
1320847	1321547
1321548	1322791
1322821	1323731
1323748	1324568
1324705	1325494
1325490	1325994
1326009	1327056
1327052	1327847
1328013	1329132
1329100	1329379
1329431	1331873
1331938	1332482
1331966	1332167
1332154	1332448
1332455	1332609
1332911	1333130
1333159	1333330
1333289	1333526
1333710	1334130
1334497	1334921
1335063	1336057
1336099	1336520
1336522	1336934
1336988	1337126
1337029	1337210
1337204	1337379
1337825	1338042
1338496	1338626
1338497	1338659
1338916	1339193
1338932	1339112
1339196	1340244
1340251	1340450
1340429	1340613
1340629	1341449
1341650	1342158
1343054	1343184
1343464	1343800
1343925	1344075
1344050	1344249
1344247	1344407
1344453	1344772
1344778	1345121
1345086	1345365
1345466	1345998
1345981	1346462
1346451	1346602
1346770	1347329
1347631	1348057
1348096	1348244
1348099	1348333
1348482	1348606
1348729	1349237
1349210	1351137
1351122	1351327
1351325	1352916
1352907	1354411
1354426	1354798
1354449	1354795
1354854	1355881
1355886	1356316
1356310	1356662
1356679	1357211
1357209	1357603
1357612	1358357
1358353	1359004
1358377	1358807
1358835	1359247
1359229	1361789
1361787	1362115
1362116	1362813
1362165	1362969
1362865	1363562
1363527	1364140
1364485	1368176
1368245	1368843
1368996	1371058
1369338	1369503
1371056	1371333
1371344	1371636
1371422	1371797
1371748	1371872
1371828	1372494
1372555	1372820
1373051	1373915
1373898	1375035
1375013	1375265
1375241	1376511
1376559	1377690
1377760	1378072
1377902	1378040
1378216	1379159
1378671	1378936
1379244	1379370
1379394	1379535
1379767	1381052
1381050	1381279
1381241	1381601
1381270	1381490
1381466	1381704
1381707	1381939
1381946	1382244
1381965	1382253
1382242	1383995
1384285	1384541
1384539	1384948
1385463	1385668
1385669	1386723
1386736	1387070
1387084	1387496
1387523	1387706
1387753	1388093
1388124	1388284
1388374	1388654
1388396	1388834
1388813	1388952
1389208	1390669
1390668	1391340
1391509	1392880
1392883	1393531
1393560	1394712
1394720	1395182
1395369	1395726
1395767	1395888
1395933	1397115
1396019	1397268
1397314	1397456
1397369	1398512
1398657	1398982
1398980	1399869
1400190	1400430
1400455	1400824
1400732	1401473
1401469	1401721
1401680	1402241
1402231	1402507
1402487	1402817
1402869	1403625
1403621	1405121
1405209	1405668
1405984	1406266
1406440	1406629
1406619	1407300
1406630	1406940
1407296	1408082
1408087	1408384
1408352	1408505
1408459	1408603
1408571	1408736
1408808	1409177
1409359	1409560
1409775	1410355
1411080	1411833
1411829	1412387
1412426	1412849
1413041	1413420
1413563	1413858
1413892	1414790
1414788	1415488
1415486	1415775
1415868	1416193
1416191	1417080
1417163	1417602
1417570	1418126
1418303	1418643
1418851	1419212
1419210	1419349
1419421	1419818
1420006	1421149
1421679	1421893
1421894	1422390
1422376	1422848
1422879	1423221
1423601	1423980
1423627	1423780
1424188	1424369
1424933	1425480
1425429	1427380
1427365	1427570
1427568	1429159
1429150	1430654
1430669	1431041
1430692	1431038
1431097	1432124
1432129	1432550
1432523	1432896
1432909	1433486
1433484	1433878
1433857	1434020
1434180	1434612
1434639	1435060
1435043	1435476
1435470	1438030
1438259	1438910
1438357	1439054
1439061	1439803
1439741	1440372
1440434	1443915
1443969	1445635
1444335	1444590
1445745	1446034
1446032	1446309
1446323	1446615
1446336	1446777
1446706	1447564
1447560	1448418
1448414	1449242
1449292	1450150
1450838	1451607
1452080	1452231
1452492	1452897
1453117	1453849
1453758	1453911
1454053	1455343
1455580	1455815
1455791	1455965
1456160	1456425
1458074	1458327
1459717	1460243
1460300	1460636
1460985	1461159
1461578	1461903
1461950	1462134
1462275	1462542
1462545	1463358
1463381	1464092
1464218	1464444
1464598	1464965
1465084	1465486
1465696	1466021
1466094	1466752
1466815	1467290
1467496	1467778
1468084	1468502
1468503	1469770
1469814	1470351
1470490	1472086
1472255	1472973
1472960	1473086
1473135	1474668
1474993	1476296
1476307	1477376
1477432	1479169
1479263	1480178
1480152	1480339
1480165	1480889
1480890	1481625
1481794	1482080
1482129	1484121
1484125	1484980
1485731	1485879
1485798	1486557
1486553	1487450
1488623	1488749
1488886	1490584
1490530	1490744
1490902	1492327
1492331	1493042
1492974	1494075
1494265	1496192
1496228	1496459
1496596	1497688
1497804	1498389
1498668	1498945
1498999	1500679
1500803	1501817
1501901	1502753
1502752	1503442
1503393	1504846
1504889	1505970
1505971	1506803
1506801	1507192
1507197	1508005
1508001	1508964
1508042	1508895
1509560	1510748
1510932	1511161
1511272	1512002
1512045	1512399
1512585	1513978
1513978	1514695
1514621	1516418
1516445	1516662
1516752	1518148
1518542	1522284
1522282	1523819
1523817	1524526
1524527	1525203
1525280	1526322
1526320	1527335
1527314	1528119
1528117	1529402
1529388	1530001
1529995	1531118
1531106	1532196
1532752	1533595
1533644	1534124
1534178	1535121
1535214	1536226
1536429	1537336
1537479	1537893
1537984	1538113
1538498	1539114
1539240	1540446
1540571	1543247
1543725	1544371
1545038	1546740
1546827	1547746
1547762	1548669
1548682	1549694
1549692	1550695
1550747	1551155
1551111	1552572
1552605	1552888
1552942	1554214
1554495	1554888
1554966	1555732
1555197	1555443
1555771	1556170
1556274	1556814
1556843	1557587
1557867	1558582
1558640	1559147
1559192	1559696
1560019	1560826
1560825	1562019
1563392	1564988
1564987	1566550
1566641	1566686
1566825	1567705
1567667	1568322
1568348	1570239
1570453	1571327
1571366	1571957
1571953	1572712
1572933	1573981
1574162	1574619
1574727	1574979
1574973	1575127
1575318	1577956
1578167	1579140
1580129	1582803
1582866	1583520
1583628	1584391
1584541	1584848
1584856	1586024
1586065	1586951
1586949	1587277
1587302	1587453
1587402	1587621
1587889	1588639
1589048	1591034
1591267	1593202
1593269	1594475
1594541	1595330
1595710	1596374
1596491	1597644
1597614	1597756
1597619	1597748
1597735	1600751
1600756	1602128
1602138	1603300
1603347	1604154
1604155	1605148
1605147	1606038
1606024	1606990
1606986	1608630
1608942	1609188
1609614	1610607
1610759	1611426
1611481	1611704
1611498	1611756
1611705	1612063
1612073	1612293
1612369	1612682
1612870	1614575
1614389	1614590
1614590	1615881
1615903	1616783
1616771	1617612
1617644	1618695
1618706	1619502
1619513	1620567
1620565	1622831
1622829	1623487
1623502	1624583
1624578	1625533
1625583	1626582
1626667	1628135
1628133	1629193
1629315	1630882
1630925	1631432
1631510	1632516
1634218	1635151
1635278	1636176
1636493	1638126
1638176	1639208
1639453	1639709
1639758	1640709
1640860	1641670
1641807	1642323
1642333	1642525
1642835	1643651
1643746	1644053
1644039	1644436
1644183	1644312
1644632	1645194
1645214	1646507
1646703	1647685
1648164	1649536
1649664	1650600
1650651	1650960
1652468	1652837
1652925	1653432
1653500	1654634
1654999	1658524
1658594	1658930
1658910	1659064
1659060	1659495
1659593	1660583
1660792	1663430
1663428	1663612
1663588	1663946
1670580	1671439
1671483	1671708
1671739	1672343
1672344	1673239
1673256	1675012
1674928	1676318
1676304	1676965
1676371	1676977
1677179	1681080
1681354	1682153
1682351	1683789
1683830	1684832
1684986	1685551
1685797	1685969
1686127	1686596
1686633	1687698
1687775	1689117
1689343	1690997
1691132	1691361
1691410	1691963
1691954	1692935
1692952	1694051
1694049	1694641
1694924	1695053
1694945	1695612
1695646	1696942
1696912	1697447
1697479	1699481
1699572	1699803
1699859	1699988
1700016	1700218
1700298	1701703
1701949	1703093
1703112	1704124
1704126	1705066
1705057	1705700
1705874	1707297
1707610	1707857
1707944	1708176
1708176	1708626
1708622	1709204
1709349	1709584
1711968	1713028
1713140	1714691
1714908	1715083
1715197	1715525
1715944	1716094
1716067	1716350
1718428	1719167
1719506	1720740
1720752	1721794
1721907	1722190
1724602	1725203
1725541	1725992
1726212	1726717
1726715	1727181
1727295	1727437
1728046	1728616
1728792	1729636
1729731	1730625
1730704	1731385
1731381	1732077
1732076	1733621
1733617	1737481
1737452	1738841
1739113	1739995
1740229	1743275
1743251	1744196
1743289	1744172
1744166	1744818
1745019	1745290
1745043	1745328
1745327	1745600
1745791	1746832
1746935	1748660
1748789	1748927
1749028	1749307
1749412	1749551
1749590	1750020
1751293	1752634
1752634	1752853
1753176	1754496
1754626	1756162
1756317	1757787
1758078	1760874
1760918	1763291
1763328	1765014
1765304	1766477
1766513	1768229
1768597	1769359
1769879	1772159
1772497	1773412
1773471	1773975
1773987	1774518
1774531	1777183
1777224	1777935
1778296	1778908
1779635	1780418
1780529	1781475
1781158	1781609
1781778	1783197
1783190	1783475
1783766	1784523
1784526	1785492
1787316	1788735
1788873	1789233
1789232	1790159
1790222	1791635
1791713	1792593
1792933	1794122
1794146	1794812
1795025	1795458
1795474	1795862
1795895	1796112
1796168	1797614
1797632	1799306
1799360	1799675
1799699	1801061
1801136	1801448
1801648	1802345
1802389	1803310
1803485	1804671
1805112	1806009
1806509	1808621
1808678	1809438
1809528	1810213
1810391	1810593
1810628	1812089
1812177	1813545
1813602	1814646
1814633	1815881
1816053	1816389
1816516	1816856
1816892	1817451
1817453	1818200
1818231	1818577
1818777	1821202
1821261	1823686
1823698	1824314
1824294	1824441
1824317	1825170
1825205	1825827
1825963	1827278
1827230	1827938
1828050	1829271
1829405	1830299
1830407	1831659
1832045	1832379
1832094	1832470
1832656	1833476
1833514	1833844
1833830	1834196
1834609	1835642
1835666	1837055
1837065	1838652
1839123	1840066
1840226	1841634
1841672	1842393
1842389	1842725
1842795	1843573
1843578	1844878
1844943	1845883
1845879	1847283
1847425	1849072
1849272	1850446
1850548	1852055
1852099	1853365
1853403	1854777
1854773	1856585
1856974	1857565
1857793	1858561
1858672	1859701
1859673	1861468
1861479	1862650
1862755	1863755
1863790	1864870
1865473	1865687
1865750	1866213
1866291	1866871
1866872	1867449
1867443	1869670
1869672	1870729
1870734	1871353
1871358	1872052
1872053	1872687
1873299	1874800
1874907	1875511
1875554	1876418
1876476	1877763
1877879	1878536
1878594	1878924
1879021	1880131
1880406	1880872
1880918	1881359
1881555	1881790
1881752	1882650
1882651	1884662
1884662	1885235
1885264	1886161
1886209	1886587
1886219	1886340
1886553	1887151
1887189	1888285
1888367	1888773
1888877	1889523
1889584	1889728
1889617	1889759
1889894	1890242
1890578	1891404
1891533	1892113
1892258	1893428
1893983	1895007
1895003	1895936
1896050	1897260
1897552	1898699
1898738	1899380
1899596	1900968
1901008	1902265
1902840	1903144
1903271	1904880
1904866	1904992
1904885	1905698
1905088	1905833
1905701	1906487
1906483	1907203
1907215	1907863
1907866	1910053
1909989	1910616
1911071	1911281
1911394	1911521
1911624	1913251
1913563	1913798
1913860	1914865
1915013	1915430
1915442	1916663
1916659	1917931
1917905	1918652
1918661	1920188
1920157	1920526
1921074	1921344
1921362	1921773
1921769	1924826
1925041	1926152
1926555	1926937
1927038	1928251
1928473	1929743
1929756	1930621
1930653	1931410
1931557	1933151
1933112	1934316
1934358	1935270
1935372	1935549
1935566	1936350
1936371	1937308
1937364	1938652
1938650	1938942
1938946	1940645
1940701	1943080
1943414	1944246
1944404	1945449
1945555	1945772
1945775	1947212
1947274	1947988
1948234	1948699
1948776	1949526
1949525	1950077
1950138	1951119
1951015	1951144
1951219	1951519
1953926	1954922
1955193	1955238
1955360	1955717
1955840	1956450
1956063	1956498
1956609	1958538
1959225	1959589
1959608	1959918
1959900	1960090
1960420	1961179
1961464	1962395
1962423	1962801
1962497	1962786
1962893	1963752
1963792	1964329
1964477	1965144
1965297	1965898
1966032	1967422
1967468	1967732
1967897	1968056
1967916	1970176
1970222	1970981
1970993	1972400
1972448	1973291
1973298	1973649
1973699	1975058
1975142	1975463
1975762	1976101
1976304	1977130
1977361	1978247
1978206	1978845
1978974	1979461
1978984	1979470
1979799	1980768
1980760	1982104
1982100	1983579
1983662	1984610
1984606	1985827
1986091	1986260
1986262	1987079
1987199	1987956
1987800	1988638
1988653	1989359
1989360	1989907
1989918	1991083
1991033	1992591
1992559	1993244
1993297	1994618
1994626	1995253
1995335	1995741
1995706	1995979
1996216	1997558
1997613	1999557
1999553	2001254
2001323	2002124
2002242	2004246
2004193	2005243
2005353	2005923
2005960	2006123
2006067	2007922
2008090	2009105
2009099	2009757
2009849	2011277
2011325	2012084
2012220	2013201
2013210	2014179
2014162	2014999
2015019	2016063
2016079	2017459
2017343	2017496
2017485	2018562
2018931	2019249
2019245	2019689
2019993	2020996
2021060	2021964
2022014	2022914
2022958	2023705
2024142	2026075
2026189	2027471
2027619	2029093
2029095	2030764
2030808	2031310
2031586	2032031
2031987	2032809
2032907	2034087
2034122	2034489
2034510	2034765
2034820	2035973
2036240	2036489
2036500	2036623
2036636	2036819
2036656	2037146
2036822	2037182
2037354	2037993
2038119	2038452
2038277	2038446
2038535	2039663
2039732	2041484
2041622	2042204
2042243	2042939
2042996	2044907
2044992	2045383
2045746	2046104
2046222	2046385
2046223	2046403
2046478	2047838
2047843	2048420
2048605	2049968
2049997	2050124
2050070	2051697
2051700	2053257
2053721	2054691
2054755	2055554
2054849	2055611
2055559	2056418
2056474	2056931
2057307	2057926
2057922	2058732
2058863	2059149
2058897	2059107
2059119	2059263
2059932	2060220
2060294	2060438
2060979	2061771
2061838	2063321
2063366	2064248
2064439	2066488
2066507	2067206
2067302	2067749
2067864	2069218
2069146	2071820
2071895	2073339
2073443	2073693
2073715	2073989
2073989	2074649
2074870	2075023
2075040	2075382
2075394	2076267
2076270	2076645
2076698	2077014
2077118	2077773
2077744	2078459
2078455	2078851
2078851	2080516
2080603	2081204
2080724	2081384
2081710	2082079
2082133	2082424
2083791	2084433
2084469	2086347
2086515	2087991
2088156	2088306
2088330	2089198
2089186	2090768
2090899	2091871
2091989	2093312
2093327	2094386
2094340	2095094
2095092	2095876
2096022	2097033
2097041	2097653
2097858	2098531
2098532	2099057
2099088	2099829
2099857	2100301
2100302	2102075
2102371	2102951
2102949	2103766
2103790	2104214
2104256	2104998
2104996	2105966
2106130	2108578
2108584	2109685
2109590	2109722
2110072	2110819
2110832	2111405
2111616	2113348
2113400	2113793
2113792	2115946
2115863	2117012
2117046	2117191
2117220	2117895
2117875	2118265
2118279	2119329
2119331	2120192
2120317	2120440
2120482	2122165
2122288	2122792
2122812	2124831
2124781	2125708
2125704	2126592
2126717	2127296
2126794	2126941
2127298	2127658
2128430	2128857
2128863	2130297
2130262	2131120
2131229	2132219
2132230	2133790
2133814	2134855
2135602	2136104
2136182	2136434
2136547	2136692
2136548	2136695
2136899	2137221
2137230	2137368
2137379	2137890
2137927	2138167
2138359	2139569
2139630	2140296
2140944	2141493
2141549	2143382
2143378	2144035
2144273	2144402
2144495	2144718
2144785	2145520
2145737	2146490
2146486	2147155
2147169	2148156
2148323	2148833
2148972	2149830
2149860	2150448
2150457	2151177
2151496	2153284
2153551	2154956
2154982	2155391
2155392	2155756
2155835	2157321
2157354	2157771
2157923	2159160
2159158	2159390
2159500	2160167
2160620	2160765
2160735	2161762
2162263	2163061
2163070	2163622
2163239	2163360
2163790	2164303
2164467	2164812
2164998	2166655
2166649	2167643
2166800	2167730
2167616	2168322
2168323	2169695
2169715	2170157
2170155	2171281
2171387	2171850
2171811	2172859
2172857	2173269
2173270	2173637
2173638	2174374
2174385	2174653
2174663	2175447
2174686	2175083
2175738	2176360
2176403	2176592
2176688	2176952
2176741	2176982
2177281	2178095
2178091	2179801
2179706	2179895
2179956	2180139
2180217	2181135
2181309	2182228
2182216	2182687
2182667	2184086
2184197	2184875
2184887	2185271
2185751	2186877
2186328	2186551
2187474	2188324
2188431	2189790
2189789	2190572
2190595	2191007
2191117	2192120
2192122	2192756
2193015	2193646
2194513	2195732
2195847	2197666
2197780	2199244
2199296	2199854
2200252	2200567
2201205	2202706
2202764	2203686
2203817	2204327
2204465	2205300
2205645	2206221
2206261	2206399
2206595	2207082
2207073	2207284
2207571	2208753
2208804	2209767
2210086	2210237
2211121	2211701
2211785	2212517
2212692	2213170
2213330	2213733
2213796	2214177
2214255	2214498
2214570	2214867
2214919	2215222
2215726	2216620
2216986	2217821
2218379	2219421
2219614	2220919
2220946	2222350
2222219	2224049
2224008	2225811
2225979	2226937
2227111	2231378
2231466	2231844
2231818	2233946
2234023	2236217
2236118	2239014
2238813	2243521
2243519	2244618
2244587	2244722
2244763	2245418
2245423	2246669
2246715	2246998
2246734	2247004
2247130	2249150
2249742	2250547
2250475	2250644
2250681	2252149
2252163	2252638
2252765	2253386
2253360	2253879
2254132	2255447
2255394	2257003
2257347	2258062
2258889	2259835
2259938	2260887
2261009	2262648
2262987	2264257
2264536	2265049
2265083	2265806
2265798	2267313
2267325	2269785
2269815	2270931
2270908	2274271
2274180	2275620
2275681	2277169
2277137	2283602
2283612	2290113
2290156	2293189
2293238	2298050
2295406	2295536
2298082	2299351
2299347	2300376
2300423	2300619
2300481	2300730
2300759	2301629
2301638	2304248
2304279	2308338
2308282	2313910
2314525	2315258
2315405	2315670
2315776	2316254
2316246	2316472
2316561	2316987
2317278	2318214
2318275	2319355
2319366	2320146
2320106	2320652
2320803	2320926
2321116	2321281
2322325	2324471
2324460	2324587
2324841	2325486
2325470	2326760
2327686	2328395
2329641	2330164
2330119	2330939
2331945	2333158
2333173	2333930
2333985	2334949
2334953	2335986
2336397	2336559
2336637	2337495
2338300	2338711
2338698	2339100
2339265	2339871
2340475	2340652
2340604	2340983
2341417	2342612
2342381	2342519
2342737	2343014
2343094	2343332
2344397	2344920
2344918	2345672
2345773	2346125
2347150	2347933
2347929	2348952
2349502	2349880
2350450	2351621
2352462	2353230
2353226	2354285
2354303	2355296
2355303	2357469
2360109	2360286
2362932	2363716
2363733	2364142
2364364	2365184
2365276	2365760
2365328	2365868
2365807	2366252
2366322	2366542
2366617	2366984
2367074	2367447
2367445	2367638
2368535	2368931
2368951	2369072
2369036	2370095
2370292	2370766
2370884	2372057
2372213	2373687
2373760	2375125
2375300	2375438
2375385	2376336
2376360	2377185
2377267	2377522
2377518	2377797
2378054	2378103
2378250	2379148
2379146	2380458
2380456	2381525
2381523	2382592
2382593	2383182
2383180	2383919
2383902	2384677
2384672	2385282
2385468	2386482
2386588	2387755
2388004	2389411
2389573	2390944
2391026	2392478
2392455	2393571
2393681	2394689
2394705	2395851
2395837	2396920
2396865	2397735
2397731	2399093
2398411	2398534
2399074	2400331
2400687	2401593
2401755	2403150
2403160	2404381
2404377	2405658
2406126	2407605
2407606	2409001
2409056	2410475
2410454	2410611
2410619	2412056
2412058	2413282
2413278	2413761
2413760	2414726
2414728	2415850
2415876	2416425
2416440	2417187
2417197	2418487
2418389	2419607
2419603	2420092
2420094	2420934
2421026	2423225
2423191	2423422
2423637	2424141
2424131	2424776
2425370	2427018
2427085	2428939
2428960	2429542
2429633	2430338
2430594	2433910
2434019	2434868
2434940	2436354
2436366	2438316
2438303	2439065
2439061	2439721
2440456	2441849
2441850	2444971
2444973	2448049
2448051	2449465
2449463	2450865
2450863	2451584
2451726	2452096
2452220	2452835
2452886	2455034
2455005	2455722
2455721	2456936
2457425	2458785
2458724	2458862
2459284	2459617
2460018	2460916
2460997	2461777
2461876	2462917
2462964	2464320
2464323	2464608
2464638	2465091
2465100	2466363
2466391	2467252
2467470	2467980
2468183	2469308
2469296	2469441
2469494	2470770
2470768	2471771
2471769	2472733
2472706	2473453
2473504	2474332
2474387	2475188
2475184	2475973
2476195	2476468
2476590	2477413
2477453	2477970
2478051	2479086
2479101	2481597
2481597	2482272
2482352	2482895
2483230	2483740
2483900	2484182
2484444	2485584
2485678	2487719
2487861	2491648
2491659	2495290
2492729	2492981
2494141	2494300
2495352	2495536
2495374	2495543
2496234	2497387
2497324	2499677
2499608	2500806
2500804	2502806
2502920	2503392
2503432	2503960
2503949	2504684
2504665	2506366
2506574	2507304
2507451	2508183
2508187	2509114
2509106	2510264
2510270	2511188
2511218	2511371
2511377	2513675
2513839	2515586
2515624	2516566
2516635	2516758
2516730	2517342
2517453	2518066
2518185	2518572
2518638	2518947
2518999	2520526
2521129	2522146
2522284	2522717
2522715	2523409
2523540	2524423
2524267	2524396
2524574	2525292
2525296	2525534
2525729	2526966
2526955	2528195
2528218	2528360
2528437	2529448
2529463	2530984
2531044	2532043
2532322	2533369
2533354	2533556
2533504	2534662
2534678	2535347
2535606	2536441
2536472	2538545
2538755	2540225
2540429	2541311
2541411	2542459
2542534	2543390
2543395	2544482
2544749	2545691
2545822	2546519
2546585	2547836
2548857	2549913
2550254	2551946
2551962	2552901
2552900	2554031
2554197	2554327
2554399	2555579
2555575	2555764
2555731	2556557
2556772	2558246
2558365	2559350
2559354	2560102
2560515	2561080
2561262	2562817
2562894	2564713
2564715	2565808
2565809	2566833
2566836	2568424
2568427	2568772
2569105	2570296
2570323	2571115
2571170	2572929
2572959	2573338
2573038	2573470
2573476	2574484
2574667	2574893
2574914	2576673
2576925	2577081
2577061	2577190
2577162	2577552
2578155	2578831
2578865	2579918
2579914	2580472
2580468	2582412
2582408	2582888
2582884	2583094
2583090	2583852
2583869	2584532
2584528	2585152
2585164	2585767
2585205	2585797
2585776	2586247
2585847	2586388
2586222	2587086
2587072	2587768
2587774	2590261
2590257	2590521
2590510	2591005
2591106	2591278
2591197	2591326
2591393	2591901
2592050	2593697
2593914	2595558
2595633	2596284
2596283	2597348
2597083	2597300
2597421	2598477
2598530	2599623
2598588	2599716
2600456	2603127
2603100	2603794
2603879	2606729
2606885	2608722
2608720	2610104
2610301	2610962
2610963	2611612
2611610	2612931
2612963	2614146
2614219	2614996
2615000	2616650
2616650	2621180
2621188	2621839
2621808	2623545
2623645	2626273
2626421	2627142
2627281	2631046
2631723	2634007
2634198	2635327
2635328	2635581
2635634	2636285
2636487	2637564
2637568	2638927
2639201	2640828
2640747	2642077
2642000	2643264
2643290	2643414
2643458	2644383
2644423	2645227
2645244	2646573
2646590	2647808
2647810	2648593
2648812	2650015
2650114	2650678
2650937	2651361
2651399	2652029
2652278	2653449
2653454	2654421
2654422	2656403
2656401	2657290
2657291	2658942
2658993	2659660
2659653	2659950
2660029	2661385
2661381	2662344
2662343	2663201
2662534	2663366
2663215	2663974
2663970	2665830
2665729	2667025
2667103	2667409
2667463	2667925
2667991	2668907
2669027	2670770
2670903	2671024
2671063	2671880
2671984	2672486
2672552	2674010
2674016	2675546
2675709	2677551
2677547	2677850
2677846	2678401
2678412	2678955
2678969	2679947
2679943	2682676
2682722	2684060
2684056	2684557
2684559	2686362
2686455	2687118
2687133	2687577
2688206	2689145
2690066	2691282
2691367	2691965
2692023	2693856
2693942	2694593
2694603	2695179
2695179	2695635
2695703	2695835
2695974	2697175
2697177	2699448
2697251	2699394
2699564	2701104
2701136	2701679
2701736	2702291
2702343	2702988
2703125	2703771
2703829	2704190
2704212	2705104
2705262	2706036
2706043	2706760
2706756	2707443
2707532	2708315
2709462	2709606
2709583	2710153
2710247	2711765
2711801	2712290
2712821	2713502
2713473	2714742
2714811	2715810
2715881	2716541
2716623	2717436
2717435	2718449
2718514	2719651
2719751	2720745
2722182	2723403
2723503	2725568
2725688	2725967
2726000	2726549
2726548	2727358
2727357	2728182
2728185	2729274
2729305	2730571
2730405	2730955
2731274	2732147
2732133	2732661
2732657	2733137
2733133	2733637
2733653	2734406
2734425	2737080
2737154	2737721
2738287	2738773
2738975	2741120
2741119	2742430
2742609	2742918
2743261	2744606
2744667	2745423
2745448	2745619
2745718	2746649
2747236	2747767
2747814	2748690
2748602	2755766
2755790	2756411
2756728	2757358
2758107	2758675
2759069	2760023
2760236	2761572
2761591	2762918
2763025	2764564
2764252	2764589
2764563	2765727
2766144	2766757
2766763	2770355
2770410	2771595
2771629	2772574
2772643	2774338
2774391	2775642
2776153	2776786
2777082	2777356
2777340	2777478
2777432	2777675
2777963	2778948
2779439	2780678
2780596	2780728
2780864	2781002
2781055	2782751
2782749	2783503
2783517	2784373
2784375	2786871
2786895	2787933
2787932	2789018
2789033	2790281
2790302	2790680
2790847	2791813
2792018	2793273
2793389	2793714
2793854	2795093
2795391	2796631
2796679	2798929
2799488	2799846
2799849	2800240
2800290	2801706
2802471	2803371
2803396	2803555
2803607	2804864
2804924	2805758
2805809	2806770
2806808	2807735
2807826	2808823
2809039	2811055
2811125	2812175
2812355	2813115
2813301	2814283
2814393	2814519
2814657	2814913
2815191	2816686
2816728	2817236
2817278	2818130
2818236	2818603
2818605	2819517
2819651	2820749
2820738	2821614
2821613	2822447
2822446	2823463
2823620	2824568
2824693	2825588
2825593	2827016
2827035	2827179
2827180	2828105
2827193	2828120
2828188	2828764
2828824	2829280
2829260	2829797
2829901	2830769
2830771	2831672
2831677	2832730
2832775	2833282
2833288	2833948
2833957	2834845
2834865	2836227
2836238	2837642
2837638	2838865
2839081	2840296
2840258	2841095
2841105	2842509
2842520	2842808
2842914	2843250
2843246	2844263
2844259	2845063
2845059	2845761
2845735	2846215
2846227	2846635
2846855	2849135
2849425	2850374
2850332	2852397
2852499	2853543
2853436	2853568
2853444	2853703
2853668	2854271
2854311	2856291
2856483	2858197
2858362	2861474
2862014	2862369
2862374	2863500
2863808	2864531
2864580	2866596
2866610	2867474
2867641	2868364
2868567	2869605
2869618	2870515
2870578	2871215
2871216	2871685
2871783	2872845
2872877	2873052
2873059	2874521
2874543	2874901
2875038	2875785
2875834	2877166
2877209	2877863
2877799	2878142
2878162	2879198
2879199	2879836
2880003	2882074
2882080	2883620
2883658	2885902
2886118	2886409
2886757	2887274
2887291	2887829
2887922	2889500
2889568	2891104
2891198	2892573
2892641	2900693
2900813	2901791
2901845	2904053
2904231	2904447
2904509	2906021
2906099	2907278
2907288	2907909
2907926	2909201
2909311	2910430
2910456	2911464
2911748	2912903
2913021	2913547
2913052	2913484
2913632	2915945
2915945	2920907
2920956	2921959
2921944	2922095
2922288	2922424
2922455	2923241
2923374	2924658
2924716	2924917
2924928	2925264
2925265	2927170
2927132	2927648
2927743	2928073
2928004	2928485
2928083	2928470
2928497	2929736
2929823	2930312
2930582	2931323
2931443	2932245
2932364	2933244
2933415	2934715
2934706	2935846
2935879	2936023
2936067	2936218
2936210	2936637
2936796	2937669
2937680	2938775
2938807	2939806
2939830	2941342
2941364	2942348
2942444	2945819
2945839	2947037
2947100	2948360
2948685	2949874
2949918	2950257
2950317	2951691
2951641	2952361
2952519	2954010
2954522	2958410
2958669	2960224
2960220	2960757
2960781	2961396
2961377	2961515
2961555	2962474
2962531	2962790
2963484	2963865
2963864	2964611
2964607	2965336
2965347	2966253
2966249	2966930
2967201	2968176
2968191	2969991
2970188	2970668
2970664	2971621
2971620	2972271
2972303	2972912
2973288	2974909
2974893	2975751
2975764	2977097
2977129	2978056
2978115	2978701
2978756	2979158
2978875	2979251
2979446	2980134
2980182	2981295
2981428	2981846
2981865	2982613
2982646	2985305
2985417	2986774
2986800	2987143
2987139	2988531
2994128	2994261
2994300	2996886
2997003	2997735
2997731	2998712
2998848	2999584
2999772	3000309
2999855	3000195
3000300	3000346
3000446	3001605
3001647	3002769
3002779	3003919
3004043	3004425
3004573	3005090
3005081	3006306
3006323	3006804
3006880	3007228
3007269	3008037
3008067	3008625
3008634	3008943
3009019	3010381
3010474	3011339
3011385	3012646
3012669	3013420
3012700	3013294
3013290	3013542
3013418	3014295
3014382	3016042
3016192	3016532
3016593	3016902
3016873	3017350
3017483	3017964
3018711	3019630
3019964	3020169
3020746	3021011
3021387	3021976
3022203	3022497
3022539	3023580
3023589	3023871
3023867	3026297
3025463	3025902
3026387	3026897
3027042	3027642
3027709	3031189
3031249	3031882
3031818	3032604
3032562	3033367
3032566	3033265
3033264	3033594
3033590	3036152
3036144	3036579
3036560	3036983
3036998	3037769
3037746	3038142
3038138	3038717
3038728	3039082
3039093	3039528
3039530	3040556
3040610	3040949
3040952	3042386
3042252	3043854
3043850	3044057
3044053	3045979
3045953	3046499
3046060	3046598
3047834	3048101
3048682	3048898
3048916	3049075
3049259	3049757
3049753	3050287
3050608	3051181
3051164	3051380
3051752	3051884
3052132	3052348
3052650	3052861
3053276	3054059
3054042	3055038
3055039	3055837
3055856	3056246
3056242	3056602
3056568	3057063
3057059	3058001
3057573	3057739
3057577	3057760
3058345	3058954
3058934	3059135
3059234	3059859
3060074	3060587
3060559	3061243
3060732	3061417
3061484	3062307
3062409	3062959
3063045	3063934
3064144	3065315
3065328	3065718
3065701	3066517
3067658	3068634
3068589	3069922
3069946	3071393
3071402	3072687
3072862	3074324
3074328	3075007
3075007	3075457
3075530	3075714
3075540	3075699
3075883	3076181
3076192	3076715
3076761	3077166
3077327	3077459
3077580	3077707
3077834	3078282
3078318	3078663
3078804	3079144
3081261	3081505
3081503	3081912
3081886	3084029
3084040	3084998
3085356	3086557
3086551	3087614
3087624	3088663
3088717	3088862
3088856	3090039
3090165	3090901
3090892	3091226
3091318	3091847
3091963	3093146
3093155	3094701
3094960	3095315
3095054	3095450
3095328	3095656
3095654	3096765
3096813	3097329
3097478	3099035
3099107	3099536
3099532	3100099
3100128	3100254
3101426	3101612
3104384	3104553
3104606	3105107
3105175	3106237
3106316	3106817
3106958	3108149
3108302	3108864
3108862	3109820
3109832	3110202
3110207	3110985
3111092	3111450
3111518	3112290
3112284	3113248
3113244	3114834
3114915	3115959
3116384	3117516
3117739	3120064
3120144	3120687
3120765	3120951
3121058	3121485
3121447	3121573
3121576	3121996
3121992	3122304
3122042	3122232
3122466	3123240
3123264	3123735
3123727	3124138
3124134	3124902
3124901	3125444
3125453	3127163
3127180	3128104
3128106	3129933
3129929	3130541
3130665	3131127
3131328	3131689
3131694	3132565
3132557	3132828
3132829	3133949
3133947	3134956
3134995	3137108
3137115	3137581
3137619	3137964
3138251	3140811
3140918	3141573
3141623	3142421
3142588	3143495
3143493	3144754
3144752	3145389
3145395	3146170
3146260	3147623
3147765	3148809
3148829	3148974
3149035	3149585
3149704	3150329
3149762	3150281
3150361	3150796
3150822	3151962
3151821	3151987
3152101	3152728
3152721	3153528
3153463	3154513
3154509	3154989
3154988	3155699
3155717	3156029
3156221	3156545
3156596	3157202
3157201	3158629
3158630	3159539
3159792	3160828
3161369	3162104
3162177	3163890
3163889	3165689
3165922	3166370
3166419	3167719
3167675	3167970
3168710	3169604
3169567	3170350
3170321	3171731
3171752	3173207
3173276	3174137
3174382	3175658
3175686	3177163
3177636	3178308
3178343	3178467
3178482	3179083
3179068	3179990
3179593	3179884
3180006	3181159
3180533	3180699
3181154	3182037
3182053	3183281
3182096	3183395
3183482	3185120
3185347	3186139
3186234	3188469
3188516	3189818
3189876	3192631
3192861	3193989
3194224	3195565
3195566	3196919
3197011	3197137
3197132	3197259
3197351	3197801
3197818	3198601
3198600	3198930
3199551	3200097
3200166	3201013
3201126	3202489
3202574	3202704
3203018	3204446
3203047	3204335
3204394	3205760
3205783	3206627
3206731	3207883
3207907	3208555
3208746	3208882
3209103	3210418
3210452	3212226
3213755	3214176
3214226	3214965
3215008	3216109
3216101	3216404
3216515	3217433
3217752	3218044
3217783	3218014
3218168	3219408
3219409	3219851
3219901	3220708
3220784	3222218
3223003	3223523
3225141	3226477
3226475	3227139
3227153	3228804
3228840	3229443
3228863	3229353
3229546	3232181
3232182	3234655
3234671	3235494
3235492	3237467
3237478	3237749
3237750	3239182
3239190	3242527
3242494	3244130
3244162	3246965
3246947	3247482
3247487	3247914
3247915	3249290
3248463	3248616
3249589	3250546
3250608	3251205
3251207	3252383
3252382	3253963
3253994	3254876
3254916	3255067
3255076	3256420
3256497	3257893
3257954	3259781
3259780	3263332
3263315	3266204
3266379	3269748
3269760	3270084
3270068	3270476
3270472	3271060
3271026	3271497
3271487	3271689
3271681	3272476
3272482	3273358
3273508	3275755
3275767	3276298
3276984	3277672
3277742	3278454
3278593	3278810
3278919	3279958
3279989	3281183
3281175	3283335
3283734	3284073
3284086	3284552
3284633	3285663
3285669	3286932
3287055	3287989
3287975	3288668
3288796	3290344
3290529	3291291
3291320	3292157
3292443	3293628
3293881	3295109
3295577	3296357
3296748	3299044
3299056	3299933
3299931	3300409
3300448	3302227
3302704	3303893
3303952	3305147
3305206	3306416
3306366	3307855
3307904	3308835
3308875	3310501
3310548	3311319
3311424	3312001
3312324	3315421
3315359	3316752
3316804	3317582
3317580	3320449
3320558	3322014
3321910	3323348
3323385	3324751
3324786	3325278
3325274	3327209
3327502	3329078
3329063	3329205
3329329	3329876
3329980	3330490
3330629	3332147
3330748	3332162
3332156	3333255
3333345	3335079
3335084	3335795
3335819	3336716
3336829	3337349
3337388	3337796
3337776	3338043
3338019	3338209
3338287	3339266
3339342	3340002
3340165	3340477
3340499	3341955
3342120	3344994
3345111	3345504
3345524	3346619
3346626	3346782
3346794	3346944
3347066	3348269
3348291	3349470
3349466	3350792
3350817	3351402
3351565	3351893
3351996	3352741
3353130	3354363
3354618	3355350
3355333	3355612
3355640	3356598
3356802	3357856
3357852	3358749
3358906	3359647
3359739	3360375
3360513	3361374
3361564	3362728
3362857	3364084
3364070	3365174
3365463	3365890
3365918	3366495
3366497	3367203
3367333	3367868
3367830	3368539
3368510	3369224
3369220	3369730
3369878	3370067
3370063	3371341
3371355	3372744
3372771	3373215
3373533	3374266
3374239	3374698
3374336	3374705
3374713	3376735
3376765	3377741
3377944	3378865
3379877	3381866
3381862	3382009
3382330	3382454
3382341	3382608
3382638	3383803
3384228	3385633
3385657	3386207
3386300	3387009
3387063	3387820
3387834	3388783
3388821	3389455
3389456	3389871
3390044	3391100
3391044	3391747
3391766	3392331
3392317	3392618
3392627	3393219
3393213	3394348
3394416	3395424
3395540	3396587
3396762	3397482
3397502	3397643
3397665	3398022
3397991	3398711
3398843	3399924
3399900	3400194
3399953	3400227
3400290	3401371
3401526	3402829
3402877	3405013
3405093	3405297
3405413	3406119
3406499	3407763
3408020	3409062
3409206	3409423
3409388	3410474
3410474	3410877
3410875	3411221
3411271	3411677
3411691	3412808
3413217	3414690
3414690	3415413
3415552	3415946
3416057	3416892
3416948	3417189
3418211	3418884
3418897	3421970
3421457	3421610
3421801	3422014
3422042	3424164
3424184	3425619
3425930	3426749
3426784	3427087
3427170	3427570
3427568	3427914
3427961	3428432
3427965	3428356
3428528	3428678
3428778	3429330
3429592	3430603
3430646	3431177
3431221	3431761
3431769	3432309
3431916	3432529
3432315	3432897
3432933	3433539
3433738	3436261
3436307	3436895
3436964	3437564
3438458	3438690
3439253	3439772
3439783	3440140
3440139	3440466
3441311	3441902
3441904	3442066
3442497	3442756
3442799	3443358
3443369	3443826
3444378	3444594
3444597	3444981
3444662	3445062
3444977	3445169
3445256	3445577
3445859	3447357
3447355	3448109
3448317	3448542
3448775	3450866
3451365	3452271
3452263	3452638
3452811	3452968
3452971	3453157
3453102	3454584
3454614	3454965
3454961	3455399
3455733	3456432
3456361	3460261
3457707	3457893
3459135	3459277
3460500	3460642
3461192	3463472
3463393	3464731
3464727	3466470
3466469	3467417
3467417	3469205
3469279	3470471
3469678	3469801
3470629	3471619
3471916	3472081
3472356	3472488
3472474	3473413
3473462	3474581
3474584	3475325
3475340	3476150
3476174	3477683
3477695	3478571
3478604	3479522
3480254	3480615
3480613	3480962
3480626	3480971
3480994	3482093
3481919	3482084
3482091	3483628
3483543	3483738
3483811	3484267
3484396	3484966
3485693	3485918
3486748	3487007
3487067	3487665
3487785	3489294
3489470	3489692
3490609	3491480
3491809	3494936
3495116	3495444
3495432	3495823
3495831	3497431
3497825	3498471
3498472	3498818
3498551	3498731
3498839	3499941
3500025	3500404
3500528	3503049
3503126	3503580
3503660	3503892
3503700	3503889
3503994	3504811
3504867	3505351
3504919	3505831
3505353	3505843
3505839	3506568
3505907	3506127
3506147	3506790
3506812	3507376
3506841	3507220
3507298	3507674
3509373	3509767
3509761	3510677
3510483	3510694
3511127	3511281
3511448	3511592
3512057	3513075
3513148	3514295
3514317	3515995
3516006	3516745
3516743	3518769
3518805	3520042
3520203	3521199
3521204	3522233
3522335	3526136
3526189	3527425
3527440	3527848
3527847	3528519
3528515	3529292
3530465	3531002
3532177	3532591
3532770	3534120
3534255	3535938
3536292	3538464
3538485	3538908
3541180	3542680
3542872	3543695
3543701	3544910
3545213	3546942
3546940	3547853
3547886	3548133
3548134	3549305
3549339	3550500
3550415	3551486
3551516	3552080
3552088	3552913
3552912	3554262
3554307	3555066
3555097	3555811
3555987	3556678
3556726	3558226
3558517	3560380
3560535	3561448
3561589	3561838
3561850	3562192
3562184	3562673
3562665	3563160
3563159	3564863
3564859	3566038
3566027	3567014
3567016	3568135
3568323	3568611
3568729	3569656
3569775	3570814
3570853	3571378
3571537	3572423
3572461	3572887
3572893	3573628
3573746	3575067
3575208	3575866
3575905	3577033
3577000	3578162
3578268	3579094
3579569	3580221
3580273	3580529
3583043	3583791
3584079	3585586
3585584	3586599
3586611	3587620
3587694	3588676
3588719	3589200
3589170	3590515
3590585	3591998
3592072	3592810
3592858	3593014
3593044	3595303
3595440	3597111
3597156	3597639
3597691	3598141
3598237	3598895
3598893	3600241
3600625	3601363
3602069	3602649
3602681	3602994
3603038	3603926
3603922	3604933
3604880	3605930
3605926	3606910
3606906	3607716
3608091	3610231
3610294	3612187
3612215	3612797
3612796	3613624
3613648	3614071
3614071	3614701
3614868	3616387
3616503	3617206
3617213	3618372
3618858	3620653
3620672	3621339
3621355	3622025
3622070	3622886
3622961	3623775
3624579	3625141
3625229	3627750
3627758	3628506
3628504	3629552
3629605	3630259
3630574	3630932
3630966	3631173
3631438	3632066
3632094	3633754
3634172	3635606
3635653	3638605
3638516	3639845
3639887	3640340
3640354	3641558
3641902	3642521
3642586	3643823
3643902	3644727
3644814	3645186
3645289	3645905
3645917	3646898
3646882	3647003
3647058	3647968
3647966	3648570
3648619	3650081
3650123	3651137
3651376	3651590
3651702	3653446
3653461	3653582
3653642	3654747
3654440	3655538
3654745	3655484
3655561	3656068
3656321	3657101
3657375	3657997
3658150	3659671
3659861	3659990
3659948	3660153
3659979	3661468
3661453	3661862
3661509	3661842
3661950	3662131
3662062	3663044
3663052	3666320
3666318	3666766
3666616	3666757
3666830	3668262
3668397	3669466
3669484	3671834
3672061	3674078
3674122	3674539
3674535	3674706
3674809	3675946
3675996	3676534
3676603	3677303
3677365	3678368
3678653	3679617
3679942	3681185
3681188	3681740
3681822	3683310
3683324	3684800
3685101	3686518
3686634	3687424
3687770	3688431
3688436	3688818
3688951	3689333
3689372	3689676
3689680	3690083
3690074	3690372
3690547	3690950
3692271	3692659
3692692	3693589
3693695	3694395
3694152	3694281
3694413	3694582
3697664	3699035
3699100	3699553
3699503	3701798
3701831	3701984
3703065	3704397
3704418	3705408
3705506	3706445
3706623	3706978
3707205	3707332
3707943	3709170
3709185	3710085
3710105	3710876
3710891	3712226
3712602	3714172
3714322	3714656
3714657	3715120
3715174	3715984
3716234	3717513
3717501	3718009
3718021	3718799
3718784	3719667
3719686	3720119
3720096	3721249
3721599	3722752
3722766	3723625
3723793	3724268
3724308	3725110
3725032	3725891
3725893	3726659
3726708	3727572
3727513	3729674
3729633	3730027
3729895	3730021
3730048	3730637
3730648	3731222
3731334	3732375
3732447	3733083
3733124	3733547
3733599	3733900
3733886	3734390
3734383	3734932
3735091	3736112
3736104	3736999
3737081	3738087
3738205	3739450
3739467	3739603
3739603	3741559
3741631	3741788
3741672	3742557
3742604	3744825
3742665	3744888
3745047	3745317
3745465	3746410
3746409	3746829
3746974	3749647
3749505	3750973
3749671	3751159
3751186	3751651
3751823	3752184
3752271	3753613
3753620	3755279
3755803	3756184
3756363	3757701
3757693	3758608
3760537	3760670
3760666	3761296
3761423	3761715
3761870	3762347
3762597	3764029
3764069	3765242
3765257	3766223
3766349	3766607
3766438	3766562
3766602	3767146
3767199	3768169
3768403	3768680
3768727	3769987
3770041	3770311
3770109	3770449
3770455	3770845
3770738	3771372
3770748	3771384
3771402	3771969
3771958	3772741
3772748	3773558
3773769	3774745
3774739	3775745
3775767	3776332
3776330	3776904
3776853	3777430
3777438	3778162
3778211	3779643
3779667	3779953
3780048	3780562
3780609	3781462
3781460	3781731
3781945	3782576
3782572	3783301
3783297	3783951
3784180	3786517
3786612	3787479
3787806	3787944
3788110	3792677
3792691	3794108
3794175	3794640
3794636	3795545
3795508	3796240
3796245	3797766
3797844	3798738
3798859	3799651
3799758	3800256
3800261	3800900
3800843	3801051
3801294	3801687
3801702	3802206
3802350	3803478
3803667	3804070
3803719	3804131
3804183	3805591
3805682	3806748
3806810	3807815
3808185	3808654
3808968	3809281
3809335	3809608
3809699	3811667
3811672	3812605
3812612	3812885
3813000	3813928
3814055	3815501
3815656	3819457
3819524	3821012
3820983	3821577
3821585	3822074
3822057	3822189
3822073	3823177
3823242	3824361
3824395	3824582
3824590	3826531
3826684	3827657
3827695	3827858
3828636	3829105
3829078	3830465
3830556	3831603
3831599	3832562
3832583	3833573
3833573	3835100
3835130	3836027
3836056	3836911
3836887	3837014
3837254	3838083
3838041	3839050
3839126	3839385
3839370	3840826
3840839	3841719
3841699	3841828
3842049	3843013
3843040	3843335
3843416	3844305
3844363	3844568
3844570	3845233
3845633	3846789
3846802	3849905
3850159	3850379
3850811	3851835
3851886	3853084
3853092	3854197
3854206	3854963
3860310	3861157
3861132	3861390
3861386	3862205
3862209	3862827
3862786	3863329
3863357	3863831
3863802	3864927
3865058	3865566
3865582	3866528
3866581	3867869
3867892	3869267
3869398	3869810
3869806	3870025
3870080	3870506
3870516	3870885
3870991	3871375
3871415	3872405
3872430	3873051
3873084	3873474
3873122	3873501
3873490	3873847
3874141	3875473
3875480	3875915
3875918	3876098
3876073	3876623
3876101	3876605
3876619	3876973
3876675	3877297
3876982	3877516
3877383	3877939
3877528	3877921
3877954	3878260
3878274	3878814
3878828	3879143
3879026	3879579
3879153	3879525
3879689	3879944
3879943	3880135
3880127	3880542
3880134	3880545
3880557	3881259
3881260	3881666
3881276	3881609
3881623	3881902
3881887	3882812
3881918	3882740
3882741	3883321
3882757	3883060
3883022	3883656
3883056	3883662
3883593	3884293
3883672	3884302
3884334	3884646
3884883	3885306
3885307	3886777
3886958	3887772
3887745	3889708
3889719	3891199
3891197	3892392
3892403	3892839
3892848	3893356
3893315	3893730
3893724	3894310
3894304	3895208
3895299	3896464
3896438	3896922
3896923	3897599
3897627	3898104
3898175	3898370
3898538	3901241
3901325	3901484
3901532	3902762
3902787	3904902
3904979	3905412
3904998	3905469
3905483	3905943
3905565	3906000
3906065	3906353
3906360	3906720
3906719	3907106
3907105	3907840
3907994	3908807
3909029	3909246
3909294	3909885
3910189	3911995
3911994	3912549
3912678	3914590
3914591	3915612
3915607	3915824
3915879	3916747
3916801	3917206
3917509	3918140
3918180	3920281
3920347	3921568
3921653	3922217
3922248	3922851
3922840	3923008
3923112	3923685
3923957	3925137
3925269	3925446
3925400	3927942
3927940	3928265
3928392	3929197
3929217	3930589
3930842	3931008
3931115	3932201
3932212	3933517
3933528	3933921
3933892	3934771
3934767	3935994
3935994	3937158
3937241	3937646
3937620	3938469
3938686	3939691
3939683	3940442
3940434	3941112
3941129	3941966
3942072	3943359
3943450	3944539
3944595	3945318
3945517	3946756
3946667	3947111
3947061	3947502
3947485	3948025
3948024	3948831
3948901	3951476
3951641	3952202
3952404	3952525
3952523	3954657
3954678	3955390
3955402	3955802
3955822	3956705
3956842	3958567
3958572	3958701
3958878	3960568
3960692	3960870
3960844	3960995
3961055	3961350
3961380	3962733
3962729	3963449
3963538	3963724
3963642	3964153
3964251	3966571
3967028	3967254
3967260	3969592
3969584	3969828
3970062	3970654
3970682	3971453
3971429	3972174
3972234	3972808
3973173	3974488
3974598	3976683
3976692	3979086
3979430	3979577
3979710	3982414
3982456	3983476
3983476	3984766
3984893	3986490
3986471	3987281
3987246	3988077
3988121	3988472
3988624	3990143
3990804	3991572
3991574	3992285
3992578	3993589
3993607	3994405
3994349	3994907
3994872	3995325
3995304	3995464
3995435	3998030
3998066	3998846
3998919	3999624
4000118	4002566
4002584	4004018
4004017	4005349
4005330	4007304
4007300	4009487
4009759	4010923
4011056	4011648
4011693	4012989
4012895	4014995
4015132	4016473
4016476	4016968
4016532	4017163
4017142	4018138
4018230	4018926
4019048	4020086
4020034	4020191
4021145	4022322
4022320	4022813
4023264	4023547
4023584	4025318
4025439	4025878
4025864	4026608
4026604	4027714
4027676	4028522
4028518	4029406
4029503	4030820
4031098	4031228
4031216	4031942
4031931	4032699
4032695	4033973
4033969	4034896
4034943	4036107
4036081	4036226
4036204	4036342
4036478	4036860
4036871	4036992
4037047	4038208
4038421	4039276
4039520	4040606
4040571	4041240
4041242	4042739
4042890	4043485
4043473	4043744
4043746	4044106
4044248	4044873
4044948	4047145
4047405	4047651
4047873	4048537
4048557	4049167
4049170	4050430
4050440	4051569
4051625	4052211
4052323	4053896
4053897	4054840
4054838	4055670
4055671	4056434
4056432	4057237
4057244	4057644
4057485	4057617
4057835	4058589
4058603	4059087
4059085	4059365
4059413	4060800
4060794	4062241
4062118	4062514
4062170	4062300
4062291	4062559
4062592	4063442
4063551	4064760
4064675	4067411
4067407	4068475
4068467	4068599
4069198	4070261
4070347	4071541
4071774	4073272
4073342	4073678
4074070	4074503
4074685	4074865
4074821	4076289
4076337	4077153
4077097	4079179
4079293	4080185
4080258	4081609
4081662	4081812
4082082	4082506
4083124	4083296
4083658	4084256
4084298	4084470
4084410	4084939
4084995	4086024
4086072	4088019
4087995	4088152
4088155	4088341
4088425	4088585
4088466	4088616
4088662	4089653
4089674	4091010
4091024	4091517
4091518	4092140
4092190	4093181
4093149	4093948
4093999	4094647
4094710	4095049
4095152	4095485
4095741	4096312
4097034	4097638
4097978	4099134
4099160	4102272
4102634	4103363
4103731	4104556
4104923	4106387
4106534	4107932
4108338	4109986
4110036	4110639
4111088	4112058
4112108	4113120
4113514	4114835
4115013	4117089
4117143	4117914
4117796	4119072
4117881	4118059
4119167	4120664
4120883	4122170
4122352	4124341
4124422	4127896
4127877	4128990
4128990	4131417
4131340	4134007
4133955	4134708
4134719	4134908
4135182	4136752
4136750	4136940
4136938	4138616
4139050	4139240
4139456	4139618
4139706	4141039
4141068	4142073
4142069	4143053
4143063	4143966
4143975	4144995
4144959	4145329
4145014	4145240
4145301	4146909
4147099	4147253
4147260	4147770
4147820	4149545
4149835	4151044
4151272	4151977
4151965	4152692
4152690	4153129
4153097	4155431
4155585	4156243
4156260	4156384
4156336	4157321
4157370	4158201
4158237	4158385
4158516	4158805
4159022	4159385
4159087	4159298
4159960	4162030
4162039	4162951
4163521	4164515
4164556	4164997
4165039	4165423
4165549	4167004
4167075	4168410
4168687	4169756
4169799	4171375
4171354	4172534
4172613	4173790
4173897	4174722
4174873	4175045
4175043	4177072
4177146	4178503
4178654	4179134
4179229	4180078
4180280	4181277
4181290	4181753
4181777	4182696
4182811	4183277
4183281	4184557
4184546	4184667
4184571	4185556
4185561	4187056
4187054	4187715
4187676	4188568
4188563	4189257
4188564	4189302
4189303	4190932
4190949	4192245
4192374	4193526
4193716	4195561
4195557	4196949
4197046	4197655
4197725	4198862
4198864	4199227
4199765	4201677
4201918	4203245
4203246	4203832
4203842	4204052
4204254	4204665
4204337	4204698
4204953	4205121
4205985	4211320
4211712	4213387
4213373	4214163
4214161	4215350
4215399	4215871
4215925	4216747
4216826	4217846
4217826	4218310
4217845	4218373
4218376	4218628
4218444	4218706
4218724	4218883
4218768	4219212
4219225	4219421
4219419	4220989
4221000	4222282
4222287	4223245
4223231	4224266
4224497	4225521
4224504	4225530
4225539	4226736
4226951	4227882
4227893	4228938
4228943	4229922
4229991	4231245
4231290	4232274
4232355	4233384
4233409	4234102
4234111	4235107
4235123	4236140
4236155	4236962
4236945	4238070
4238066	4239125
4239539	4240815
4240824	4241302
4241340	4242150
4242247	4242415
4242435	4242672
4242888	4243563
4243658	4244949
4244928	4245385
4245451	4246088
4246124	4246781
4246831	4247572
4247676	4248538
4248749	4249584
4249823	4250493
4250489	4252178
4252032	4252296
4252374	4253053
4253109	4253383
4253403	4255510
4255518	4256206
4256180	4258293
4258326	4259532
4259804	4261203
4261301	4263033
4263737	4264703
4264717	4265578
4265658	4266510
4266521	4267613
4267637	4267952
4267969	4268440
4268466	4270065
4270304	4272623
4272632	4274072
4274703	4275886
4276298	4277340
4277484	4277713
4277737	4278832
4279014	4280371
4280381	4281033
4280985	4282768
4283543	4283861
4283871	4284084
4284197	4285697
4285771	4288141
4288245	4289715
4289969	4290240
4290268	4290626
4291250	4291626
4291965	4293117
4293267	4294078
4294420	4295747
4295756	4296330
4296882	4297608
4297604	4298924
4298905	4299658
4299657	4301442
4303105	4303504
4304029	4304158
4305134	4305537
4306030	4307147
4307288	4307973
4308029	4308786
4308771	4309495
4309508	4309776
4309805	4310301
4310307	4311526
4310425	4310605
4311761	4312011
4312117	4312901
4312963	4314479
4314504	4314802
4314778	4315388
4315438	4317989
4318099	4319015
4319153	4320057
4320544	4321082
4321111	4321631
4321371	4321690
4321941	4322074
4321954	4322141
4322182	4323443
4323461	4324515
4324645	4325795
4325745	4326385
4326877	4327087
4327161	4327731
4327830	4328895
4329035	4329369
4329418	4329608
4329426	4329759
4329945	4330710
4330867	4331599
4331011	4331156
4331704	4331861
4333118	4334249
4333324	4333460
4333722	4333894
4335338	4335492
4335522	4336201
4336084	4336216
4336245	4337026
4337033	4337265
4337356	4338173
4338266	4338750
4338318	4338765
4338796	4339241
4339305	4339525
4339545	4339969
4340060	4340436
4341554	4341758
4342017	4342237
4342379	4342875
4342989	4343965
4343968	4344787
4344783	4344927
4345342	4346698
4346743	4347223
4347248	4348661
4348759	4350524
4350570	4351962
4352099	4353422
4353428	4354937
4354930	4355521
4355937	4356796
4356986	4357277
4357280	4358969
4359074	4359173
4359569	4360758
4360765	4361263
4361259	4361622
4361611	4362019
4362018	4363512
4363508	4365224
4365362	4366257
4366346	4368032
4368039	4368208
4368204	4368639
4368744	4369164
4369390	4369796
4369797	4371048
4370981	4371108
4371093	4372213
4372173	4373511
4375332	4376211
4376207	4376897
4377159	4377649
4377586	4377782
4377875	4378688
4378802	4379210
4379440	4381858
4381883	4382957
4382956	4384057
4385759	4385960
4386074	4386213
4386231	4386589
4386814	4388459
4388566	4389929
4390172	4390245
4390452	4391881
4391974	4393220
4393353	4394527
4394494	4395461
4395607	4396367
4396390	4396955
4397008	4398346
4398514	4399178
4399246	4399718
4399799	4400522
4400536	4401739
4401732	4403349
4403434	4404829
4404847	4406797
4405948	4406087
4406855	4407716
4407759	4407880
4407977	4408721
4408717	4409491
4408752	4409545
4409581	4410472
4410471	4411431
4411517	4412558
4412871	4414701
4414861	4416232
4416479	4417029
4416585	4417005
4417025	4418408
4418434	4419298
4419348	4420890
4419359	4421037
4420902	4421436
4421078	4421814
4421450	4421921
4421982	4422222
4422268	4423084
4423092	4423485
4424089	4424713
4424776	4426666
4427044	4427488
4427577	4428036
4428189	4429180
4429184	4430636
4430629	4432150
4432350	4434217
4434373	4434803
4434812	4436316
4436322	4437286
4437306	4438201
4438301	4439256
4439261	4440252
4440217	4441645
4441667	4442360
4449124	4449461
4449485	4450571
4450707	4451037
4451027	4451213
4451361	4451458
4451599	4453244
4453242	4453504
4453525	4454453
4454519	4456368
4456369	4457915
4457911	4458886
4458803	4460427
4460472	4460754
4460842	4462862
4462908	4464402
4464528	4465794
4465821	4466254
4466510	4467840
4467851	4467975
4468081	4469183
4469193	4470241
4470256	4471427
4471425	4472686
4472687	4473753
4473773	4474653
4474632	4475305
4475311	4476440
4475456	4476491
4476443	4477692
4477690	4478768
4478766	4480117
4480121	4480860
4481052	4482436
4483123	4484357
4484514	4486170
4486068	4486222
4486849	4488046
4488048	4489266
4489287	4490028
4490024	4490987
4491354	4493899
4493938	4494259
4494306	4495626
4495622	4497122
4497519	4498345
4498343	4499049
4499047	4499942
4499943	4500658
4500689	4502904
4505064	4506028
4507716	4508607
4508658	4509144
4509291	4510159
4510164	4510324
4510279	4512113
4512178	4512797
4512857	4513478
4513590	4514611
4514557	4515419
4515421	4516394
4516281	4517235
4517354	4519614
4519620	4519746
4519782	4520043
4520102	4520360
4520356	4521046
4521726	4521856
4521964	4522532
4522575	4524082
4524134	4526130
4526159	4527005
4527205	4528111
4528188	4529412
4529437	4529827
4529843	4530800
4530792	4532268
4530800	4530939
4532213	4533773
4533867	4534728
4534733	4535333
4535367	4535517
4535658	4536534
4536774	4537509
4536842	4537494
4537528	4539019
4539031	4539541
4539554	4540529
4540553	4541183
4541172	4542177
4542200	4543055
4543133	4543290
4543186	4544612
4544708	4545462
4545432	4546081
4546079	4547718
4547756	4548066
4548071	4548585
4548589	4549364
4550184	4550673
4550841	4552333
4552347	4553080
4553271	4554435
4554444	4556760
4556825	4558155
4558153	4558769
4558809	4560259
4560272	4560816
4566396	4566924
4566905	4567490
4567531	4567829
4567907	4568892
4568910	4569535
4569561	4569700
4569649	4571120
4571160	4572117
4572212	4572455
4575460	4575610
4575623	4576223
4576274	4576415
4576722	4576869
4576839	4577347
4577531	4578909
4579363	4580833
4580784	4581834
4582007	4583417
4583791	4585613
4585832	4586541
4586550	4587529
4587632	4588896
4588955	4589744
4589783	4590731
4590653	4591731
4591757	4592643
4592677	4593686
4593757	4595189
4595289	4596637
4596571	4597514
4597635	4598254
4598249	4599120
4599118	4599554
4599552	4600540
4600603	4601524
4601743	4602053
4602055	4602344
4602704	4602981
4603351	4603595
4603810	4604740
4604736	4605372
4605368	4606271
4606283	4609334
4608967	4609592
4609529	4610361
4610450	4611003
4611358	4612730
4612770	4613085
4613094	4614012
4614379	4615645
4615635	4617105
4617185	4617333
4617394	4618229
4618193	4619151
4619147	4620182
4620148	4620314
4620463	4621088
4621116	4621245
4621307	4622331
4622451	4623154
4623259	4624633
4624629	4625328
4626086	4627029
4627115	4628172
4628432	4628568
4628493	4629481
4629397	4630343
4630397	4631165
4631272	4631872
4631974	4632413
4632626	4632924
4632952	4633379
4633383	4634130
4634226	4635237
4635407	4637021
4636938	4637784
4638192	4638454
4638538	4639024
4638597	4639102
4639116	4640055
4640109	4641441
4641450	4641981
4642073	4643033
4643124	4644150
4644305	4646576
4646688	4646829
4646979	4647588
4647647	4648103
4648129	4649402
4649406	4651837
4652054	4652915
4652991	4654617
4654651	4656205
4656434	4657559
4657687	4659245
4659628	4660517
4660808	4663026
4663055	4664025
4664051	4664669
4664568	4664763
4664944	4666087
4666058	4666721
4666732	4669234
4669544	4670622
4670638	4670957
4670669	4670996
4671009	4673305
4673272	4674149
4674152	4674492
4674478	4675330
4675555	4677334
4677471	4680123
4680424	4681615
4681731	4682734
4682710	4683518
4683580	4684952
4685451	4686664
4686732	4688014
4688222	4689183
4689165	4690566
4690897	4692062
4692106	4693421
4693472	4694175
4694176	4694534
4694573	4695674
4695999	4697887
4697833	4698689
4704306	4705333
4705331	4706295
4706323	4707295
4707330	4707492
4708193	4709376
4709607	4709989
4709992	4710536
4710640	4711642
4710696	4711123
4711128	4711831
4712124	4712620
4712671	4713178
4712688	4713052
4713340	4717400
4717478	4721700
4721941	4723075
4723071	4723857
4723843	4724044
4724027	4724798
4724775	4725414
4725410	4727318
4727538	4728015
4728111	4728883
4728924	4729987
4729998	4730668
4730712	4731301
4731489	4731760
4731768	4732468
4732469	4733030
4732891	4733020
4733128	4734503
4734501	4735825
4735821	4737111
4737122	4738712
4738831	4738952
4744385	4744803
4744866	4745310
4745468	4746396
4746648	4748266
4748282	4749600
4749616	4749761
4749817	4751540
4751556	4752441
4752582	4756264
4756319	4756644
4756688	4757136
4757308	4758938
4759027	4759717
4760098	4761328
4761379	4762234
4762214	4763012
4763077	4763572
4763571	4763979
4763988	4764795
4764864	4765896
4766161	4767032
4767032	4767305
4767557	4768907
4769427	4771081
4771476	4771971
4771559	4771889
4771580	4771821
4771979	4772646
4772644	4773380
4773381	4775476
4775481	4775641
4775522	4775801
4775797	4775920
4776017	4776426
4776519	4777410
4777424	4778984
4779122	4780313
4780589	4781793
4781866	4783205
4783429	4784357
4784371	4784522
4784537	4785033
4785047	4785918
4786072	4788556
4788341	4788704
4788668	4789035
4789146	4789753
4789773	4791151
4791262	4791476
4791517	4792204
4792190	4793184
4793109	4793560
4793724	4794708
4794813	4796979
4796851	4798252
4798342	4799122
4799114	4800686
4800916	4801976
4802014	4803464
4803498	4804239
4804187	4805265
4805289	4805845
4805819	4806846
4806887	4808121
4808229	4811047
4810919	4811120
4811180	4812234
4812247	4813664
4813687	4814855
4814869	4815740
4815947	4817451
4817428	4818536
4818524	4819883
4819875	4821696
4821519	4821652
4821667	4821808
4821813	4821964
4821974	4822686
4822798	4823213
4823218	4823573
4823607	4826430
4826686	4827221
4827319	4827700
4827689	4827822
4828022	4829583
4829618	4829942
4830029	4830492
4830901	4831139
4831041	4832389
4832541	4834189
4834224	4835109
4835122	4835249
4835220	4835623
4835617	4836305
4836343	4837993
4837989	4838307
4838697	4840656
4840931	4841127
4841049	4842484
4842524	4843095
4843093	4843763
4843761	4844716
4844773	4846454
4846448	4846830
4846828	4847423
4847557	4847689
4847767	4849079
4849990	4850147
4850132	4850876
4850932	4851637
4851623	4852520
4852452	4853286
4853285	4854428
4854434	4856003
4856377	4858525
4858104	4858489
4858722	4860189
4860185	4862237
4862236	4863268
4863286	4863610
4863770	4865768
4866028	4866958
4866941	4867643
4867647	4868628
4868606	4870139
4870265	4871207
4871259	4872183
4872510	4872958
4873383	4874142
4874143	4874578
4875121	4876258
4876254	4876935
4877045	4877834
4877800	4878730
4878638	4879709
4879702	4880287
4880283	4880736
4880736	4881471
4881482	4882325
4882367	4883384
4883408	4884197
4884329	4884773
4884932	4885415
4885672	4887899
4887897	4888774
4889006	4890540
4890716	4891817
4891817	4892486
4892482	4894171
4894229	4895567
4895703	4896465
4896800	4899071
4899266	4900175
4900459	4901813
4902574	4904221
4904298	4905639
4905708	4905865
4906209	4906929
4906925	4908557
4908550	4908683
4908739	4908968
4908981	4909252
4909008	4909461
4909806	4909978
4909989	4910131
4910096	4911641
4911850	4913308
4913366	4915520
4915593	4916928
4917293	4918832
4919568	4919811
4920005	4921503
4921501	4922255
4923132	4923621
4923617	4923995
4924084	4924513
4924531	4924753
4924821	4925298
4924835	4925364
4925299	4925744
4925312	4925798
4925888	4926707
4926796	4927030
4927035	4927818
4927847	4927977
4927860	4928541
4928569	4928725
4928743	4929628
4929732	4930684
4930680	4931556
4930709	4930890
4931922	4932141
4932137	4932815
4932811	4933138
4933882	4934117
4934122	4934371
4934167	4934432
4934477	4935216
4935305	4935522
4935991	4938038
4938217	4938349
4938377	4939160
4939433	4939758
4939759	4940645
4940830	4941841
4941884	4942415
4942459	4942999
4943007	4943547
4943154	4943767
4943553	4944135
4944171	4944906
4944976	4947508
4947545	4948133
4948202	4948799
4949724	4949944
4949966	4950092
4950189	4950634
4950588	4951305
4951419	4951572
4951661	4951988
4952415	4952704
4952729	4953375
4953373	4953542
4953576	4953954
4953820	4953944
4953984	4955349
4955659	4956965
4956963	4958971
4958953	4960208
4961853	4962162
4962201	4962357
4962283	4962847
4962831	4964064
4964199	4964853
4965037	4966498
4965776	4965957
4966656	4967547
4967543	4967870
4970124	4971387
4971766	4972366
4972378	4974076
4974051	4974396
4974505	4975807
4975908	4977358
4975924	4977406
4977699	4978174
4978189	4979506
4979718	4980036
4979723	4980015
4980060	4981705
4981811	4982196
4981881	4982286
4982245	4983115
4983349	4984378
4984421	4984986
4984467	4985022
4985039	4985163
4985275	4985420
4985447	4985913
4985909	4986443
4986531	4987698
4987727	4988117
4988097	4988493
4988503	4989238
4989230	4991039
4991284	4992341
4992519	4994062
4994212	4997536
4997457	4998481
4997557	4998526
4998622	4999708
4999654	5000315
5001093	5002278
5002212	5003779
5003752	5004212
5004217	5005562
5005570	5007419
5007413	5008362
5008449	5008756
5008833	5010112
5010199	5011457
5011461	5012464
5012547	5012743
5012848	5014145
5014351	5014775
5014773	5017255
5017347	5018077
5018205	5018605
5018625	5019322
5019373	5020031
5020050	5020438
5020280	5020446
5020332	5020500
5020364	5020517
5020580	5021094
5021340	5022259
5022326	5023968
5024084	5024387
5024508	5024937
5025021	5025769
5025765	5026521
5026628	5027699
5028049	5029445
5029441	5029777
5029456	5029766
5029777	5030240
5030216	5030904
5030259	5030928
5030915	5031768
5031721	5032454
5032582	5032858
5033083	5033467
5033187	5033581
5033908	5034134
5034148	5034637
5034177	5034625
5035028	5035518
5035522	5036108
5036180	5036790
5036932	5038210
5038302	5040375
5040371	5041913
5041922	5042699
5042708	5043551
5043560	5044352
5044494	5045212
5045195	5045870
5045894	5046672
5046983	5048394
5048438	5049101
5049208	5050183
5050281	5051142
5051121	5051611
5051739	5051976
5053874	5054613
5054602	5055160
5055420	5055691
5055768	5057112
5057434	5058139
5058280	5060012
5060010	5063788
5063792	5064132
5064283	5065754
5065816	5065957
5066167	5066698
5066709	5066835
5067009	5067964
5068105	5069606
5069597	5070642
5070630	5071624
5071656	5072718
5072719	5072849
5072832	5074204
5074361	5074913
5075008	5076359
5076397	5076808
5076544	5076929
5076973	5077438
5077595	5079734
5080127	5081783
5081832	5083254
5083372	5084320
5084700	5087395
5087600	5088059
5087695	5088158
5088059	5088521
5088533	5089469
5089472	5089607
5089696	5090251
5090300	5091749
5091760	5092792
5092788	5093721
5093731	5094955
5095039	5095174
5095631	5096082
5096126	5097131
5097294	5097709
5097886	5098408
5098584	5099113
5099083	5099771
5099817	5102673
5102672	5103116
5103373	5104885
5105109	5105238
5105153	5106252
5106250	5107334
5107494	5108997
5109074	5110103
5110139	5111459
5111523	5112288
5112311	5113343
5113561	5114123
5114126	5115188
5115550	5116700
5116942	5120014
5120027	5122040
5122072	5122415
5122184	5122343
5122192	5122630
5122626	5123328
5123324	5126603
5126602	5127508
5126850	5127133
5127676	5127964
5128223	5128935
5128918	5129590
5129586	5129979
5130250	5130578
5131080	5131210
5131336	5132317
5132381	5133596
5133507	5134233
5135021	5135429
5135690	5136291
5136770	5137365
5137790	5138394
5138460	5138998
5139036	5139760
5139827	5142462
5142470	5143002
5142995	5143124
5143016	5143518
5143530	5144440
5144681	5146025
5146366	5147549
5147631	5149090
5149306	5150078
5150484	5150875
5150922	5151264
5151300	5152290
5152276	5153449
5153461	5153923
5153919	5154615
5154616	5154746
5155418	5156597
5156664	5157636
5157589	5157847
5157843	5158617
5158620	5159793
5159887	5161204
5161354	5162273
5162554	5164772
5164818	5165160
5165380	5167150
5167149	5168673
5168685	5171118
5173116	5174112
5174083	5174287
5174404	5176570
5176933	5178596
5178638	5179910
5179906	5180380
5180443	5181253
5181252	5181417
5182088	5183760
5183930	5184836
5184976	5185997
5186136	5188428
5188681	5189179
5189224	5189962
5189964	5190504
5190611	5191100
5191075	5191909
5192467	5193191
5193150	5193826
5193863	5194652
5194683	5195029
5194886	5195040
5195455	5195578
5195589	5196621
5196613	5197001
5196725	5197137
5197107	5197552
5197568	5198244
5198260	5198411
5198336	5199924
5200240	5200922
5200283	5200976
5201297	5202405
5202403	5203181
5203397	5204261
5204232	5205783
5205760	5205884
5206018	5206820
5206830	5208220
5208273	5209495
5209496	5210271
5210430	5210938
5211151	5212481
5212481	5213498
5213525	5214170
5214139	5215244
5215246	5216675
5216676	5217928
5217943	5218352
5218355	5218638
5218693	5220361
5220569	5222505
5222596	5222921
5222993	5223530
5223574	5224220
5224216	5225086
5225298	5225770
5225784	5226472
5226473	5227896
5227955	5229306
5229365	5230082
5230179	5230318
5230698	5231404
