124463	126630
124463	126409
124463	126054
129083	139774
129083	139774
129083	139774
129083	139774
133375	138934
133375	138934
143002	147332
143002	147332
196282	198761
196282	198761
196282	198761
196282	198761
196282	198761
196282	198761
244438	245681
244438	245670
244438	245670
246851	253261
246851	253261
255070	255347
255070	255347
255795	258285
258604	259661
258604	259661
266244	266968
266244	266968
266244	266826
269168	274417
269168	274417
269168	274417
269308	274417
269308	274417
270568	274417
270568	274417
270568	274417
270568	274417
270568	274417
271561	274417
271561	274417
273303	274417
286582	290341
286582	290341
286582	289872
308209	308795
315124	316557
317020	333793
317020	333793
317020	333793
317020	333793
317020	317902
317020	317902
343821	349673
343821	349673
343821	349673
343821	349673
343821	349673
350580	350965
353080	353294
356680	361004
370095	370699
396178	397214
409797	410569
436185	437409
460957	462416
467557	469228
471833	476396
471833	476396
471833	476396
477148	478076
477622	478076
479645	480093
479645	480093
479645	480093
482133	482581
482133	482581
482133	482437
482133	482437
482883	487480
487991	490571
491095	493417
491095	492745
495071	495804
495071	495804
496941	508038
496941	507877
496941	502971
496941	502971
500154	508038
500154	508038
500154	507877
500154	507877
500154	502971
500154	502971
500961	508038
509513	527918
517791	21440
517791	21440
517791	519231
517791	519231
528085	529530
528085	529530
528085	529530
528085	529530
528085	529530
531800	575578
531800	575578
531800	575578
531800	575578
531800	575578
531800	575578
582960	597311
591396	597311
608448	615109
611251	615541
611251	615541
611251	615541
611251	615109
611251	615109
611251	615109
620800	621145
621892	622628
621892	622628
621892	622628
621892	622628
621892	622628
621892	622628
623683	624719
624895	625090
625670	627291
625670	627291
625670	627291
628461	628873
628461	628873
628461	628873
628461	628873
628461	628873
629887	633468
633705	635483
633705	635483
633705	635217
634524	635483
638448	643341
638448	643341
638448	643341
644897	646198
647449	647923
647449	647923
647449	647923
650049	654083
650049	654083
657111	657598
657111	657598
657111	657598
657111	657598
657111	657598
657111	657598
657111	657598
657111	657598
657111	657598
687700	747631
687700	747631
687700	747631
687700	747631
687700	747631
687700	747631
687700	747631
687700	747631
687700	747631
749825	751169
752138	753653
756337	758554
757842	758554
759800	761361
759800	761361
759800	761361
762724	765095
770230	783002
770230	783002
777798	783002
784906	787832
784906	787832
788116	790014
793478	796299
793478	796299
797476	800785
801944	803426
803920	804897
806486	807502
806486	807502
809697	894292
809697	894292
809697	894292
809697	894292
809697	894292
809697	881740
809697	881740
809697	821960
809697	821960
809697	821960
844838	845196
846851	847103
846851	847103
862793	863073
875733	876496
894607	895064
894607	895064
924144	927447
924213	927447
928217	928767
928895	929984
931027	932362
933540	938012
933540	938012
936350	937455
936350	937455
936350	937455
936350	937455
936350	937455
939463	940733
941195	942474
942606	945546
946728	947484
949429	951882
949429	951882
990583	990902
1011140	1011545
1012114	1012511
1014906	1016523
1020529	1021587
1026894	1028150
1028547	1030327
1030844	1031453
1031525	1033056
1041112	1045948
1041112	1043121
1041112	1042897
1041112	1042746
1041112	1041641
1041112	1041641
1043393	1045948
1046486	1046838
1046486	1046838
1051541	1052499
1075403	1077438
1075502	1077438
1075502	1077438
1075502	1077438
1145679	1146103
1158815	1160105
1163622	1164032
1171525	1172579
1171525	1172579
1171525	1172579
1174244	1176011
1180265	1180869
1180265	1180869
1182103	1182914
1182103	1182914
1185086	1188508
1191694	1195954
1191694	1195954
1199619	1202921
1203863	1205226
1206770	1207461
1210098	1211614
1210098	1211614
1213938	1215078
1213938	1215078
1218960	1233913
1219704	1233913
1221459	1233913
1221459	1233913
1221459	1233913
1221459	1233913
1237074	1239782
1246289	1251597
1246514	1251597
1246514	1251597
1288047	1288723
1288047	1288723
1290445	1308123
1290445	1295054
1290445	1295054
1290445	1295054
1290445	1295054
1290445	1294214
1298097	1298331
1322575	1329275
1329790	1333696
1329790	1333696
1342493	1343943
1342493	1343943
1345240	1349246
1345240	1349246
1345240	1346107
1347281	1348014
1347281	1348014
1350877	1353488
1350877	1353488
1350877	1353488
1354096	1356410
1356657	1357533
1369361	1370053
1371309	1373351
1371309	1373115
1371309	1373115
1371309	1371990
1375910	1378165
1375910	1378165
1375910	1378165
1379075	1380323
1389630	1391565
1389630	1391565
1389630	1391565
1389630	1391565
1389630	1391565
1389630	1391565
1389630	1391565
1389630	1391565
1389630	1391565
1393545	1395685
1393545	1395375
1393545	1395375
1414263	1449016
1414263	1449016
1414263	1449016
1452704	1454104
1452704	1454104
1455406	1456946
1457278	1460558
1460862	1461645
1462093	1464115
1462093	1464115
1464506	1465979
1467812	1468617
1467812	1468617
1467812	1468617
1467812	1468617
1467812	1468617
1468729	1469646
1469819	1470560
1470986	1471944
1470986	1471944
1470986	1471471
1472567	1473598
1473976	1476312
1473976	1474833
1477193	1478256
1477193	1478256
1479240	1480189
1479240	1480189
1481886	1482891
1481886	1482891
1481886	1482891
1481886	1482891
1486548	1502280
1486548	1502280
1486548	1496151
1486548	1493203
1486548	1493203
1486548	1493203
1489444	1502280
1512295	1512766
1513464	1515390
1513464	1515390
1513464	1515390
1524307	1558172
1552390	1558172
1552390	1558172
1624523	1659602
1624523	1654642
1624523	1654642
1624523	1649106
1624523	1648713
1624523	1648713
1624523	1648713
1624523	1648713
1624523	1648713
1624523	1643765
1624523	1643765
1624523	1643765
1624523	1643765
1624523	1643765
1652534	1652886
1665124	1668370
1668523	1669009
1669921	1672756
1669921	1672756
1675835	1691312
1675880	1691312
1675880	1691312
1675880	1691312
1675880	1691312
1675880	1691312
1675880	1691312
1675880	1685307
1677054	1691312
1677238	1691312
1680060	1691312
1683671	1684456
1683746	1684456
1686778	1689878
1693094	1693697
1694242	1695472
1694242	1695472
1694242	1695472
1709088	1710136
1709088	1710136
1746390	1750413
1746390	1750413
1746390	1750413
1746390	1750413
1774173	1783754
1774173	1783754
1774173	1780839
1775704	1783754
1775704	1783754
1775704	1783754
1775704	1780839
1775704	1780839
1775704	1780839
1775704	1779380
1778520	1783754
1778520	1779380
1778640	1783754
1778640	1780839
1789667	1790333
1819542	1820212
1819542	1820212
1821499	1822277
1825661	1852460
1825661	1852460
1831934	1852460
1843531	1852460
1843531	1852460
1843531	1852460
1843701	1852460
1843701	1852460
1843701	1852460
1843701	1852460
1843701	1852460
1858318	1858902
1858318	1858902
1859518	1861597
1859518	1861597
1862327	1865736
1862327	1865736
1862327	1865736
1866015	1866804
1866015	1866213
1867007	1868924
1867007	1868687
1868924	1872351
1868924	1872351
1872594	1873530
1872594	1873530
1874139	1875653
1876761	1877139
1876761	1877139
1877428	1879004
1879138	1879490
1879138	1879490
1880574	1881235
1880574	1881235
1882155	1889775
1882155	1889775
1890348	1891229
1890348	1891229
1891829	1899010
1891829	1899010
1891829	1899010
1891829	1899010
1891829	1899010
1892098	1899010
1900765	1901802
1900765	1901802
1900765	1901802
1900765	1901245
1902151	1902787
1904211	1907619
1904540	1907619
1904540	1907619
1904540	1907619
1904540	1907619
1908354	1919934
1910758	1915334
1910758	1915334
1920551	1922823
1920551	1922823
1923759	1927166
1923759	1927166
1927787	1930193
1927787	1930193
1928366	1930193
1928366	1930193
1928366	1930193
1938490	1939954
1940388	1941411
1942866	2002540
1989924	2002540
1993224	2002540
1993224	2002540
1993224	2002540
1994626	2002540
1997588	2004420
1997588	2003572
1997588	2002540
2007977	2009296
2014523	2022464
2014523	2022464
2014523	2022464
2014523	2022464
2014523	2022464
2014523	2022464
2025540	2035068
2025540	2035068
2025540	2035068
2025540	2035068
2025540	2035068
2025540	2035068
2025540	2035068
2025540	2035068
2025540	2035068
2039386	2040913
2039386	2040913
2043058	2043727
2043058	2043727
2045134	2047646
2045134	2047646
2045134	2047646
2045134	2047646
2045243	2047646
2045243	2047646
2052747	2054945
2053846	2054945
2053846	2054945
2055917	2060713
2062734	2064991
2065453	2066238
2066708	2071426
2066708	2071426
2066708	2071426
2066708	2071426
2066708	2071426
2066708	2071426
2066708	2068367
2068608	2069401
2073712	2074796
2073712	2074796
2074866	2075820
2077084	2078073
2078488	2080298
2081107	2092044
2081107	2092044
2081107	2092044
2090971	2092044
2094406	2111801
2094769	2111801
2103148	2111733
2108529	2111801
2116865	2121724
2116865	2121128
2126808	2136051
2126808	2131032
2126808	2131032
2126808	2131032
2143058	2144860
2143058	2144860
2143058	2144860
2145408	2148388
2145408	2148388
2148765	2149481
2150876	2157432
2150876	2157432
2150876	2154823
2159214	2162118
2159214	2160947
2168190	2171928
2168190	2171928
2168190	2171928
2170817	2171928
2172644	2173054
2172644	2173054
2173496	2175236
2173496	2175236
2176908	2178668
2176908	2178668
2179098	2180757
2181301	2182585
2182912	2184538
2184966	2185177
2184966	2185177
2186930	2187468
2186930	2187468
2187898	2188475
2187898	2188475
2192277	2192970
2192277	2192970
2198803	2204928
2198803	2204928
2201914	2203795
2206025	2213775
2206025	2212428
2206025	2208484
2206025	2208484
2215014	2220429
2215014	2220429
2215014	2220429
2223852	2224665
2225712	2236595
2225712	2236595
2225712	2236595
2238072	2241902
2238072	2241902
2242310	2244552
2246232	2247494
2247696	2249863
2250305	2251837
2250305	2251837
2252595	2254087
2252595	2254087
2255739	2258474
2255739	2258474
2260693	2262036
2260693	2262036
2262897	2264571
2265784	2269099
2265784	2269099
2265784	2269099
2265784	2269099
2271490	2274336
2271490	2274336
2275974	2277709
2281577	2292689
2281577	2292689
2324825	2325690
2324825	2325690
2327208	2328853
2331737	2332139
2331737	2332139
2331737	2332139
2331737	2332139
2340887	2343431
2340887	2343431
2344049	2344535
2344049	2344535
2345533	2349399
2345533	2349399
2345533	2349399
2345533	2349399
2345533	2349399
2345533	2349399
2368557	2385726
2368557	2385726
2370967	2385726
2371251	2385726
2374010	2385726
2378129	2385726
2378129	2385726
2380734	2385726
2409734	2410796
2425096	2425705
2427430	2428852
2442361	2443785
2442361	2442826
2445050	2452129
2445050	2452129
2445050	2452129
2445050	2452129
2445050	2447699
2448298	2450297
2448298	2450207
2448298	2450207
2471151	2544623
2471151	2544623
2471151	2544623
2471151	2544623
2471151	2544623
2471151	2544623
2471151	2544623
2471151	2544623
2471151	2544623
2471151	2544623
2471151	2544623
2471151	2544623
2471151	2544623
2471151	2544623
2471151	2544623
2471151	2544623
2471151	2544623
2471151	2544623
2471151	2513745
2471151	2505343
2480725	2544623
2480725	2544623
2572668	2576453
2573002	2577826
2573002	2577826
2573002	2576453
2579288	2580214
2579288	2580214
2583041	2583726
2583041	2583726
2583041	2583726
2583041	2583726
2584291	2585207
2584291	2585207
2586280	2587629
2586280	2587629
2596216	2597899
2596216	2597899
2596216	2597899
2599672	2603598
2599672	2603598
2604304	2606529
2606825	2608667
2609372	2610182
2618435	2619533
2618435	2619533
2620311	2621719
2622191	2624524
2622191	2624524
2625019	2633297
2625019	2633297
2642010	2677291
2642010	2677291
2642010	2674604
2642010	2674604
2642010	2674604
2642010	2674604
2642010	2674604
2642010	2674604
2643703	2677291
2643703	2674604
2659351	2677291
2659351	2674604
2659351	2674604
2667840	2677291
2670193	2674604
2670193	2674604
2670193	2673988
2680430	2681658
2682116	2682824
2688246	2692279
2688246	2692279
2692895	2693820
2695063	2697983
2695063	2697983
2698788	2700695
2698788	2700695
2701837	2703520
2701837	2703520
2701837	2703456
2704719	2706066
2706328	2707342
2708965	2711546
2711829	2713741
2714131	2717108
2714131	2717108
2714891	2717108
2717702	2720175
2720569	2723885
2724345	2726491
2726708	2727484
2727833	2729953
2730515	2732048
2732566	2734200
2735002	2738462
2735002	2738462
2739160	2743483
2739160	2742602
2783311	2789300
2783311	2789300
2783311	2789300
2783311	2789300
2783311	2789300
2790728	2796308
2809968	2810752
2871989	2872821
2875530	2876523
2882565	2883633
2882565	2883420
2885283	2885871
2890882	2893883
2893133	2893883
2920329	2924383
2920329	2923380
2920329	2923380
2920329	2923380
2920329	2923380
2926048	2927169
2929919	2932542
2935171	2935919
2937129	2937946
2939484	2940466
2941483	2942270
2943477	2944496
2945533	2946449
2947106	2947551
2948107	2948924
2948107	2948924
2953814	2957955
2953814	2957955
3066767	3067562
3066767	3067469
3129279	3132425
3129279	3132425
3129279	3132425
3129279	3132425
3129279	3132425
3129279	3132425
3129279	3132425
3135669	3170981
3135669	3170981
3172679	3172979
3172679	3172979
3173409	3174394
3175515	3176196
3175515	3176196
3236292	3236652
3240195	3240534
3241616	3242057
3242451	3242773
3244014	3244188
3244799	3339173
3244799	3339173
3246598	3339173
3246598	3339173
3248714	3249233
3250064	3250977
3280003	3339173
3280003	3339173
3280003	3339173
3280003	3339173
3291826	3339173
3291826	3339173
3291826	3339173
3313678	3339173
3314185	3339173
3314840	3316280
3321172	3339173
3321172	3339173
3329700	3339173
3334318	3339173
3375007	3385312
3375007	3385312
3392663	3393414
3392663	3393414
3392663	3393414
3392663	3393414
3392663	3393414
3435087	3435660
3435087	3435660
3459272	3459875
3460629	3462455
3460629	3462455
3462712	3463926
3462712	3463926
3466033	3473148
3466033	3473148
3466033	3473148
3478350	3480948
3478350	3480627
3478350	3480627
3478350	3480627
3483046	3484474
3483046	3484474
3484708	3485284
3485842	3488216
3485842	3488216
3486322	3488216
3486322	3488216
3486322	3488216
3491512	3504541
3491512	3504541
3491512	3493019
3513002	3530420
3513002	3530420
3513002	3523669
3515261	3515592
3515261	3515592
3569505	3571800
3569976	3571800
3571822	3573505
3571822	3573505
3571822	3573505
3645472	3664665
3645472	3664665
3668045	3668704
3669128	3671367
3669128	3671367
3693486	3700741
3693486	3700741
3693486	3700741
3693486	3700741
3693486	3700741
3693486	3700741
3693486	3700741
3693486	3700741
3693486	3700741
3693486	3700741
3706146	3710221
3707374	3710221
3707374	3710221
3721577	3786404
3721577	3786404
3721577	3786404
3721577	3786404
3724834	3786404
3740137	3786404
3747164	3786404
3776621	3786404
3780655	3786404
3781656	3786404
3781656	3786404
3781656	3786404
3790165	3791668
3790165	3791668
3790165	3791668
3795093	3796867
3799248	3800751
3802558	3810509
3820738	3856585
3828303	3830880
3836665	3856585
3850284	3856585
3863173	3869764
3863173	3868019
3863173	3866565
3863173	3866565
3873159	3880273
3873159	3878617
3873159	3878617
3873159	3878617
3875802	3878617
3880990	3882469
3888664	3890292
3895830	3911775
3895830	3911775
3895830	3911775
3895830	3911775
3932955	3935997
3932955	3935997
3932955	3935997
3936823	3939669
3936823	3939669
3941061	3943907
3945257	3948103
3949651	3952922
3949651	3952922
3949651	3952922
3949651	3952922
3955874	3964754
3955874	3964754
3965819	3968237
3969081	3971315
4077917	4090726
4077917	4090726
4077917	4090726
4077917	4087094
4077917	4087094
4077917	4087094
4098173	4100641
4098173	4100641
4101409	4102555
4103163	4104119
4104487	4105463
4109690	4110291
4109690	4110291
4109690	4110291
4109690	4110291
4109690	4110206
4111228	4113604
4114229	4114794
4114229	4114794
4114229	4114794
4114928	4116852
4114928	4116852
4115309	4116852
4118419	4125994
4118419	4125994
4118419	4125994
4118419	4125994
4118419	4125994
4120506	4125994
4120506	4125994
4120506	4125994
4120506	4125994
4120506	4125994
4120506	4125994
4131287	4132269
4134779	4203260
4134779	4203260
4134779	4203260
4134779	4203260
4136210	4203260
4139204	4203260
4141543	4203260
4213129	4213310
4216894	4217353
4218227	4223183
4242056	4242769
4244220	4245769
4244220	4245769
4247344	4247657
4247344	4247657
4248395	4248657
4252266	4252638
4266161	4266612
4269032	4270488
4276606	4276906
4277592	4277862
4300313	4302076
4300313	4302076
4311418	4311703
4311418	4311703
4314851	4318055
4314851	4318055
4319629	4321589
4319629	4321589
4321817	4322131
4327290	4329303
4349409	4362034
4349409	4362034
4349409	4362034
4349409	4362034
4349409	4362034
4349409	4362034
4366589	4370342
4381473	4381976
4428436	4483778
4428436	4483625
4428436	4483625
4428436	4483625
4428436	4483625
4428436	4483625
4428436	4483625
4531311	4533586
4531311	4533586
4536643	4540305
4536643	4540305
4536643	4540305
4541004	4542056
4541004	4542056
4542704	4544404
4546553	4548428
4546553	4548428
4549075	4549814
4550409	4551807
4552077	4552898
4553334	4553982
4553334	4553982
4558111	4560002
4571133	4571881
4619995	4625969
4619995	4625969
4627672	4630883
4627672	4630883
4627672	4630418
4631667	4635900
4631667	4635900
4636454	4638659
4639324	4641076
4639324	4640698
4641367	4644784
4645791	4646367
4645863	4646367
4647968	4648589
4648684	4649765
4648684	4649765
4650331	4657706
4650331	4657706
4652052	4654448
4658436	4660424
4659325	4660424
4659325	4660424
4667992	4676375
4667992	4676375
4680631	4686156
4680631	4686156
4691738	4698458
4691738	4698458
4691738	4698458
4691738	4698458
4702533	4704770
4702533	4704770
4702533	4704770
4703640	4704770
4705565	4707321
4723369	4728051
4723369	4728051
4723369	4728051
4723369	4728051
4723369	4728051
4769168	4770074
4770581	4771517
4776086	4777313
4782316	4782703
4782316	4782703
4784199	4785637
4797360	4803770
4797360	4803770
4797360	4803770
4800907	4803334
4826005	4826717
4875793	4877144
4894690	4905306
4894690	4904814
4894690	4904814
4906980	4908607
4909760	4914144
4909760	4914144
4912816	4914144
4912816	4914144
4915417	4918322
4919198	4921533
4919198	4921533
4927583	4929601
4927583	4929601
4927583	4929601
4927583	4929601
4927583	4929601
4927583	4929601
4927583	4929601
4927583	4929601
4927583	4929601
4940648	4955002
4940648	4954604
4940648	4954604
4940648	4954604
4940648	4954604
4940648	4954604
4940648	4953732
4960036	4960909
4997540	4998186
4997540	4998186
5049132	5069080
5049132	5069080
5063845	5069080
5065545	5069080
5065545	5069080
5077136	5081073
5077136	5081073
5077136	5081073
5077136	5081073
5077136	5081073
5077136	5081073
5089988	5250819
5089988	5250819
5089988	5250819
5089988	5250819
5089988	5250819
5131959	5132932
5175241	5176508
5175241	5176508
5180370	5182180
5187134	5250819
5187134	5250819
5301349	5306194
5301349	5306194
5301349	5302625
5303218	5305544
5306393	5307212
5307761	5308894
5309355	5310429
5311237	5311711
5311237	5311711
5312461	5312783
5312461	5312783
5313434	5314932
5313434	5314932
5315457	5317282
5317505	5318790
5319135	5322407
5319135	5322407
5319135	5322407
5319135	5322407
5323998	5326593
5323998	5326593
5327305	5329269
5327305	5329269
5330103	5332187
5333406	5333917
5333406	5333917
5351830	5403349
5351830	5400282
5351830	5400282
5351830	5399697
5351830	5399697
5351830	5399697
5351830	5399663
5351830	5396604
5358273	5399697
5376088	5400282
5376088	5400282
5376088	5399697
5376088	5399697
5376088	5399697
5405513	5410566
5414972	5420238
5414972	5417353
5414972	5417353
5414972	5417353
5422623	5426347
5422623	5426347
5422623	5426347
5422623	5426347
5422623	5426347
5427529	5428166
5430681	5432344
5430681	5432344
5478772	5492261
5478772	5492261
5478772	5492261
5494145	5496045
5494145	5496045
5500392	5501163
5500392	5501163
5501875	5502422
5501875	5502422
5517422	5518139
5517422	5518139
5529140	5559962
5529140	5559962
5594548	5612038
5594548	5612038
5613436	5614395
5614657	5616166
5616890	5618677
5617024	5618677
5619873	5622419
5619873	5620527
5622725	5625364
5628883	5643065
5628883	5643065
5628883	5643065
5628883	5643065
5628883	5636394
5629366	5643065
5653517	5662052
5653880	5662052
5664728	5665868
5664728	5665418
5664728	5665418
5666407	5670146
5666407	5670146
5670914	5671661
5672521	5673448
5672521	5673448
5672874	5673448
5673965	5675483
5673965	5675483
5673965	5675483
5680728	5682443
5683262	5684264
5683262	5684106
5685911	5689401
5690770	5692572
5690770	5692572
5690770	5692572
5693153	5695065
5703117	5708514
5703117	5707647
5708906	5717714
5708906	5715271
5708906	5711733
5708906	5711733
5721627	5737424
5721627	5723521
5721627	5723521
5732761	5734395
5732761	5733719
5739981	5743836
5739981	5743836
5739981	5743836
5739981	5743836
5739981	5743836
5747870	5751554
5747870	5751554
5752870	5753648
5752870	5753648
5754201	5754884
5754201	5754884
5756056	5758836
5756056	5758836
5758118	5758836
5760715	5762659
5760715	5762659
5760715	5762659
5760715	5762659
5764916	5788336
5766090	5767694
5773136	5776579
5773136	5776579
5777335	5781582
5789647	5790758
5792243	5794255
5804732	5805231
5809007	5810057
5812312	5812884
5815115	5815766
5819123	5839200
5819123	5839200
5845354	5846054
5853836	5854413
5864739	5864967
5869183	5870063
5869183	5870063
5871102	5873256
5874268	5876752
5877429	5879458
5877429	5879458
5881054	5882789
5881054	5882789
5881054	5882789
5902699	5903828
5902699	5903828
5902699	5903828
5902699	5903828
5902699	5903828
5905958	5907811
5905958	5907811
5908493	5912763
5908493	5910641
5913196	5916469
5913196	5914777
5913196	5914777
5938671	5941404
5938671	5941363
5942684	5944387
5942684	5944387
5945762	5947415
5945762	5947415
5948250	5950115
5950377	5951437
5952599	5954010
5955800	5957969
5958295	5964157
5966567	5986399
5966567	5986399
5966567	5986399
5989241	5992093
5990685	5992093
5998472	6000196
6008807	6012822
6035992	6037090
6035992	6037090
6037970	6038957
6037970	6038957
6040703	6048510
6040703	6048510
6059911	6064291
6059911	6064291
6059911	6063539
6065787	6066342
6068092	6069140
6068092	6068815
6068092	6068327
6069949	6071867
6069961	6071867
6069961	6071867
6076369	6076951
6076369	6076951
6079073	6080496
6083627	6091294
6084600	6089706
6084600	6089706
6096210	6103599
6096210	6103599
6096210	6103599
6096210	6103599
6107052	6146166
6107052	6146166
6107052	6146166
6107052	6146166
6107052	6146166
6194787	6196417
6196723	6198618
6196723	6198618
6199279	6199841
6200357	6202542
6217479	6219294
6221383	6222440
6221383	6222440
6223406	6224004
6223406	6224004
6223406	6224004
6223406	6224004
6223406	6224004
6226176	6231318
6226176	6231057
6226176	6231057
6226176	6231057
6237481	6240126
6237481	6240126
6237481	6240126
6237481	6240126
6241463	6255348
6255912	6257086
6258314	6266591
6258314	6266591
6261270	6261934
6267908	6274424
6267908	6274424
6275082	6276639
6275335	6276639
6276223	6276639
6277143	6278748
6277143	6278748
6282277	6283183
6284546	6287731
6284546	6287731
6288155	6289428
6289618	6291123
6291408	6293107
6291408	6293107
6293179	6294138
6294603	6295053
6294603	6295053
6295507	6298492
6299296	6301199
6304122	6306497
6316099	6327853
6320490	6327853
6320490	6327853
6320490	6327853
6331058	6332097
6331058	6331599
6331058	6331599
6342139	6343358
6342139	6343358
6342139	6343358
6342139	6343358
6347506	6348647
6349695	6350227
6349695	6350227
6350737	6360363
6352438	6360363
6363680	6365596
6366858	6370260
6366858	6370260
6366858	6370260
6371728	6372816
6371728	6372816
6371728	6372816
6371728	6372816
6384356	6384837
6399482	6399965
6418816	6419299
6467033	6485066
6467741	6485066
6467741	6485066
6471755	6472238
6476325	6476808
6478226	6478709
6524691	6525726
6526367	6527803
6529117	6530669
6531125	6532504
6531125	6532504
6531125	6532504
6531125	6532504
6531125	6532504
6534414	6537378
6543105	6588427
6543105	6588427
6543105	6588427
6543105	6588427
6543105	6588427
6543105	6588427
6543105	6588079
6543105	6583351
6543105	6583351
6543105	6583351
6543105	6583351
6543105	6577308
6543105	6554782
6552012	6588427
6552012	6588427
6552012	6588427
6552012	6588427
6552012	6588427
6552012	6583351
6552012	6583351
6577098	6588427
6589492	6590556
6589492	6590556
6591585	6595667
6591585	6595667
6591585	6595667
6597095	6599311
6597426	6599311
6630939	6650413
6630939	6650413
6630939	6650413
6633960	6636169
6653225	6654160
6655151	6659155
6655151	6659155
6660683	6661172
6665046	6667051
6665046	6667051
6665046	6667051
6665046	6667051
6671982	6673738
6674507	6676959
6677362	6678084
6677362	6678084
6677362	6678084
6678531	6681699
6679759	6681699
6681837	6683630
6684558	6686913
6684558	6686913
6684558	6686913
6684558	6686913
6684558	6686913
6684558	6686913
6684558	6686913
6684558	6686913
6684558	6686913
6687038	6687365
6687669	6688740
6689803	6693956
6689803	6693956
6689803	6693956
6689803	6693956
6692077	6693956
6697328	6698285
6697328	6698285
6709721	6716979
6709721	6716979
6709721	6716979
6709721	6716979
6721551	6724245
6721551	6724245
6721551	6724245
6721551	6724245
6721551	6724245
6721551	6724245
6721551	6724245
6741776	6743138
6741776	6743138
6741776	6743138
6741776	6743138
6741776	6743138
6753777	6755443
6753777	6755443
6753777	6755443
6760021	6770297
6760021	6770297
6760021	6770297
6771371	6772945
6771615	6774951
6771615	6774951
6771615	6774951
6771615	6774951
6782353	6803128
6782353	6803128
6782353	6800251
6782353	6800251
6782353	6800251
6782353	6790222
6782353	6790222
6782353	6788704
6782353	6788704
6782353	6788704
6805911	6811572
6805911	6811572
6805911	6811572
6805911	6811572
6805911	6811572
6805911	6811572
6805911	6811572
6814119	6818156
6818700	6820726
6821094	6822813
6823256	6824057
6824639	6837300
6824639	6837300
6831475	6832661
6840376	6843046
6840376	6843046
6844608	6847675
6848107	6849471
6849988	6851391
6849988	6851129
6852045	6852690
6852045	6852609
6852045	6852609
6869391	6879854
6869391	6878699
6869391	6878699
6869391	6878699
6869391	6875986
6869391	6875986
6869391	6875986
6869391	6874349
6876333	6878699
6876362	6879854
6876362	6878699
6917561	6965792
6917561	6965792
6958448	6968592
6970019	6972159
6972458	6973175
6974429	6977407
6974429	6977407
6974429	6977407
6974429	6977407
6974429	6977407
6974429	6977407
6986580	6987028
6991729	7004762
6991729	6993413
6999130	7000232
6999130	7000232
6999130	7000232
6999130	7000232
7009477	7011091
7009477	7011091
7011604	7011903
7011604	7011903
7011910	7012094
7011910	7012094
7012287	7013583
7012287	7013583
7013978	7014606
7013978	7014606
7022936	7065644
7022936	7065644
7040691	7041448
7049587	7050227
7069954	7072204
7069954	7072204
7078234	7091750
7078234	7091750
7079302	7092767
7079302	7092767
7079302	7091750
7079302	7091750
7079302	7091750
7084527	7092767
7084527	7092767
7084527	7091750
7084527	7091750
7084527	7091750
7084527	7091750
7084527	7091750
7084527	7087640
7084527	7087640
7084527	7087640
7088697	7091750
7088697	7091750
7088697	7091750
7088697	7091750
7088697	7091750
7088697	7091750
7088697	7091750
7099373	7100522
7103019	7104394
7103019	7104394
7105157	7106114
7107380	7109621
7107380	7109621
7197310	7239902
7217847	7239902
7226945	7239902
7232529	7239902
7267042	7267736
7281438	7284714
7281438	7284714
7281438	7284714
7281438	7284714
7286854	7288049
7286854	7288049
7289145	7290250
7289145	7290250
7308474	7310587
7315131	7323672
7324590	7327563
7329161	7331155
7331287	7332177
7331287	7332177
7337717	7342566
7337717	7341807
7340365	7341807
7346976	7347291
7346976	7347291
7359133	7359764
7378174	7378799
7382787	7382907
7401974	7403099
7407308	7407734
7411504	7411836
7411504	7411836
7412688	7413174
7413893	7414209
7413893	7414209
7417273	7417557
7418726	7421522
7418726	7421522
7424593	7424812
7425477	7425726
7425477	7425726
7452238	7452508
7452715	7453295
7489153	7493152
7489153	7489702
7508890	7512843
7528397	7528737
7535878	7536889
7574599	7576601
7585440	7585998
7609417	7674617
7609417	7674617
7609417	7674617
7646222	7674617
7685914	7689995
7685914	7689995
7685914	7689995
7685914	7689995
7712824	7714483
7712824	7714483
7722224	7725745
7726358	7728283
7729192	7731145
7732001	7734132
7732001	7734132
7735229	7736312
7735229	7736312
7737471	7739040
7737471	7739040
7737471	7739040
7764983	7766826
7768778	7769109
7778276	7779249
7778276	7779249
7778276	7779249
7826748	7840356
7826748	7840356
7852924	7854118
7858231	7858682
7864947	7866968
7867233	7873147
7867233	7873147
7867852	7873147
7868046	7873147
7868046	7873147
7869980	7873147
7874827	7876799
7874827	7876799
7876962	7878836
7879799	7881679
7882055	7884026
7884661	7886976
7887437	7888670
7887437	7888670
7889291	7891499
7893129	7893300
7893129	7893300
7893129	7893300
7893129	7893300
7893129	7893300
7893321	7893486
7893321	7893486
7893321	7893486
7894128	7896637
7894128	7896637
7899753	7901248
7899753	7900920
7901993	7903548
7905815	7907338
7905815	7907338
7909373	7911587
7912865	7917323
7912865	7917323
7918516	7920131
7920677	7921364
7927227	7930302
7927227	7930302
7932048	7933193
7932048	7933193
7934035	7934548
7934035	7934548
7935204	7935717
7935204	7935717
7936970	7952296
7936970	7952245
7936970	7952245
7941703	7946676
7941703	7944293
7953943	7955795
7956123	7956667
7957417	7967541
7957417	7967541
7957417	7959065
7982448	7985527
7982448	7985527
7982448	7985527
7982448	7985527
7999389	8025849
7999389	8025849
8019635	8021264
8035943	8037485
8040978	8055427
8040978	8055427
8050146	8055427
8050146	8055427
8050146	8055427
8050146	8055427
8050146	8055427
8050146	8055427
8050146	8055427
8063959	8068935
8063959	8068935
8063959	8068935
8063959	8068935
8071284	8075155
8076155	8078172
8078634	8081449
8084082	8087107
8089308	8089860
8089308	8089860
8089308	8089860
8096642	8099524
8096642	8099524
8096642	8099524
8096642	8099524
8103531	8105892
8103531	8105892
8103531	8105892
8103531	8105892
8117125	8119037
8117125	8119037
8119139	8121031
8121643	8127605
8121643	8127605
8121643	8127605
8129920	8131715
8132513	8134743
8135873	8136887
8139221	8140682
8139221	8140682
8142615	8143521
8142615	8143521
8143998	8145495
8145950	8147346
8148016	8148494
8148899	8150297
8148899	8150297
8151066	8152143
8153045	8154453
8155833	8157261
8157725	8158377
8157725	8158377
8160114	8161399
8161656	8162628
8164265	8165708
8167788	8169896
8167953	8169896
8167953	8169896
8171581	8176293
8171581	8176293
8171581	8176293
8171581	8176293
8181432	8238446
8181432	8238446
8181432	8238446
8181432	8238446
8181432	8238446
8181432	8238446
8217056	8238446
8217056	8238446
8217056	8238446
8223834	8238446
8223834	8238446
8223834	8238446
8232494	8238446
8232494	8238446
8240771	8241321
8241577	8243076
8241577	8243076
8242717	8247694
8243730	8247694
8244432	8247694
8248929	8251383
8248929	8251383
8253425	8272119
8253425	8272119
8270324	8271262
8270324	8271262
8272494	8273207
8273549	8275362
8273549	8275362
8273549	8275362
8282956	8329403
8282956	8329403
8324674	8325001
8386190	8389354
8397457	8397841
8399396	8402564
8399396	8402564
8404859	8406969
8409752	8409974
8409752	8409974
8409752	8409974
8409752	8409974
8423566	8429115
8423566	8429115
8423566	8429115
8423566	8429115
8427088	8429115
8427088	8429115
8433119	8433794
8434644	8436347
8434644	8436347
8434644	8436347
8437292	8440760
8437292	8440760
8439037	8440760
8439466	8440760
8441410	8442125
8448232	8454294
8448232	8454294
8457005	8457560
8457005	8457560
8458696	8460823
8458696	8460823
8461572	8463218
8463520	8464306
8465757	8466312
8465757	8466312
8467932	8468754
8470921	8472968
8473875	8475753
8473875	8475518
8477128	8478164
8479358	8480300
8481915	8483060
8481915	8483060
8485503	8488831
8485503	8488831
8485503	8488831
8485503	8488831
8485503	8488831
8491956	8515926
8510086	8515926
8510086	8515926
8510086	8515926
8510086	8515926
8510086	8515926
8510243	8515926
8511398	8515926
8525714	8529525
8531948	8551991
8531948	8551991
8531948	8551991
8531948	8550135
8531948	8550135
8531948	8550135
8531948	8550135
8531948	8550135
8531948	8549280
8555552	8558698
8559220	8560023
8559220	8560023
8563374	8566938
8563374	8566938
8563374	8566938
8563374	8566938
8563374	8566938
8563971	8566938
8563971	8566938
8570289	8570922
8570289	8570922
8571337	8572906
8571337	8572906
8571337	8572906
8571337	8572906
8583668	8588167
8583668	8588167
8583668	8588167
8583668	8588167
8583668	8588167
8583668	8588167
8589152	8590362
8589152	8590362
8591302	8591694
8593497	8600628
8593497	8600628
8593497	8600628
8602511	8606188
8632669	8642646
8632669	8642646
8632669	8642646
8632669	8642646
8632669	8642646
8677208	8680262
8677208	8680262
8687269	8688177
8687269	8688177
8687269	8688177
8687269	8688177
8687269	8688177
8688779	8689979
8688779	8689979
8690489	8691697
8692167	8693463
8692167	8693463
8709810	8712364
8712597	8714068
8712597	8714068
8712597	8714068
8712597	8714068
8712597	8714068
8715030	8716710
8716819	8720165
8717082	8720165
8720607	8721443
8758024	8805006
8758024	8768934
8867665	8871880
8867665	8871880
8867665	8871880
8867665	8871880
8867665	8871880
8873946	8880306
8873946	8880306
8873946	8880306
8873946	8880306
8873946	8880306
8873946	8880306
8873946	8880306
8873946	8880306
8873946	8880306
8873946	8878537
8873946	8878537
8873946	8877055
8873946	8875857
8899226	8900060
8899226	8900060
8901799	8903357
8901799	8903357
8905063	8905378
8905063	8905378
8905063	8905378
8905063	8905378
8905063	8905378
8907716	9025209
8907716	9025209
8912605	9025209
8923222	8923618
8923222	8923618
8923968	8924374
8973203	8974227
8983667	8984183
8999987	9024831
8999987	9024831
8999987	9024831
8999987	9024831
8999987	9024277
8999987	9024111
9014166	9024831
9030871	9053277
9030871	9053277
9030871	9053277
9040303	9053277
9049260	9053277
9049260	9053277
9055046	9058066
9055046	9058066
9055046	9058066
9069753	9070065
9069753	9070065
9070591	9078378
9071583	9078378
9071583	9078378
9072906	9078378
9072906	9078378
9078946	9080947
9081360	9082081
9081360	9082081
9081360	9082081
9083055	9085701
9083055	9085701
9085986	9086782
9087245	9088009
9088472	9089245
9089597	9092396
9094242	9103071
9094242	9103071
9094242	9103071
9094242	9103071
9094242	9103071
9094242	9103071
9094242	9103071
9104471	9106447
9104471	9106447
9107146	9107932
9108932	9116262
9108932	9116262
9110990	9116262
9110990	9116262
9110990	9116262
9110990	9116262
9110990	9116262
9110990	9116262
9110990	9116262
9125243	9134203
9125243	9134203
9142869	9147623
9148370	9149012
9148374	9149012
9149424	9151672
9154111	9154661
9154111	9154661
9154111	9154661
9154111	9154661
9157007	9158431
9158678	9159267
9158678	9159267
9159605	9159839
9159605	9159839
9160486	9161974
9162476	9163026
9166540	9170815
9166540	9170815
9166540	9170815
9166540	9170815
9166540	9170815
9189378	9190581
9191686	9192344
9191686	9192344
9192693	9193555
9194037	9194735
9194918	9196102
9194918	9196102
9196890	9200177
9206420	9210284
9206420	9210284
9214897	9215614
9215880	9216367
9216927	9217347
9216927	9217347
9218234	9223026
9218234	9223026
9225457	9226568
9227296	9228634
9229267	9232113
9232725	9236585
9237260	9243204
9237260	9243204
9243877	9245723
9246206	9247061
9246206	9247061
9247800	9249886
9247800	9249886
9250771	9255720
9250771	9255720
9250771	9255720
9250771	9254355
9250771	9254355
9252581	9255720
9256298	9258083
9256298	9258083
9261436	9265268
9261436	9265268
9263394	9265268
9268505	9269794
9270774	9272889
9270774	9272889
9273515	9275267
9273515	9275267
9276124	9282949
9276124	9282949
9285922	9302871
9285922	9302871
9318279	9319122
9319493	9324359
9319493	9324359
9326904	9354553
9327258	9354553
9327258	9354553
9327258	9354553
9327258	9354553
9329104	9330232
9331441	9354553
9331441	9354553
9356921	9357681
9360313	9472416
9360313	9472416
9360313	9472416
9360313	9472416
9445814	9446174
9507078	9510632
9507078	9510632
9511525	9512162
9533845	9534258
9533845	9534258
9551938	9553515
9551938	9553515
9554711	9554907
9554711	9554907
9555781	9556476
9558760	9571308
9573007	9579682
9575322	9576133
9586220	9587844
9586499	9587844
9586499	9587844
9601141	9604013
9604877	9605875
9606472	9608750
9606472	9608552
9606472	9608552
9609299	9621667
9609299	9621667
9616576	9621667
9618137	9621667
9629105	9658870
9629105	9650598
9629105	9649741
9629105	9645749
9629105	9643722
9629105	9630864
9629105	9630864
9629105	9630864
9629105	9630864
9659202	9662651
9659202	9662651
9669706	9682606
9669706	9682606
9669706	9682606
9669706	9682606
9694675	9697047
9730565	9755302
9730565	9755269
9730565	9755269
9753708	9755269
9779063	9781728
9779063	9781728
9779063	9781728
9779063	9781728
9780208	9781728
9812100	9848923
9812100	9848923
9812100	9848923
9812100	9848923
9865338	9866955
9868185	9868416
9871221	9871564
9873661	9873964
9873661	9873964
9873661	9873964
9874673	9875813
9878445	9879187
9879951	9880438
9882029	9882549
9882029	9882549
9884503	9884867
9884503	9884867
9888397	9889159
9888397	9889159
9909443	9910955
9909443	9910955
9928407	9930472
9928407	9930472
9928407	9930472
9963522	9964774
9963522	9964774
9963522	9964170
9965351	9966599
9965351	9966599
9965351	9966599
9965351	9965774
9966710	9970511
9967573	9970511
9967573	9970511
9978204	9980537
9978204	9980537
9993047	10005738
9993047	10005738
9993047	10005738
9993047	10002165
9993047	10001194
9993047	10001111
9993047	9999795
10009236	10009853
10010572	10013989
10010572	10013989
10017725	10050415
10017725	10050415
10017725	10050415
10017725	10050415
10017725	10044600
10017725	10044600
10017725	10044600
10051186	10052583
10051186	10052583
10053918	10055313
10053918	10055313
10057243	10070205
10057243	10070205
10057243	10070205
10057243	10070205
10057295	10070205
10057295	10070205
10061628	10062785
10072229	10082304
10072229	10082304
10072787	10082304
10077349	10082304
10083249	10084725
10083249	10084725
10085179	10085930
10122198	10148448
10122198	10148448
10122198	10137903
10153613	10154523
10153613	10154523
10158811	10192919
10207230	10207575
10207230	10207575
10207230	10207575
10207230	10207575
10207230	10207575
10213288	10214161
10213288	10214161
10213288	10214161
10214996	10216554
10218095	10219078
10218095	10218344
10220550	10229697
10220550	10229697
10220550	10229697
10220550	10229697
10220550	10229697
10220550	10229697
10220550	10229697
10220550	10229697
10223126	10229697
10227226	10229697
10231180	10232299
10231180	10232299
10231180	10232299
10238423	10243874
10239296	10243874
10239443	10256175
10239443	10254021
10239443	10254004
10239443	10254004
10239443	10254004
10239443	10243874
10239443	10243874
10264840	10265074
10277555	10324183
10277555	10324183
10277555	10324183
10277555	10324183
10277555	10324183
10277555	10324183
10277555	10308561
10277555	10286994
10277555	10286994
10326619	10328600
10328967	10329762
10330385	10331459
10330385	10331459
10335840	10347540
10335840	10347036
10335840	10346896
10357744	10366211
10366509	10367461
10368357	10382686
10371924	10375173
10371924	10374084
10375499	10376553
10376735	10381256
10384285	10385053
10384285	10385053
10384285	10385053
10386513	10407479
10386513	10407479
10386513	10407479
10412793	10452431
10412793	10452431
10417497	10418083
10432464	10432812
10458185	10459676
10460923	10461153
10460923	10461153
10464452	10471969
10464452	10471969
10464452	10471969
10464452	10471969
10475019	10477151
10475019	10477151
10477394	10478423
10479502	10481507
10479502	10481507
10479502	10481507
10479881	10481507
10482859	10486246
10482859	10486246
10490817	10578268
10490817	10578268
10490817	10578268
10490817	10578268
10490817	10555255
10490817	10555255
10490817	10523560
10490817	10523560
10490817	10523560
10490817	10519554
10490817	10493508
10490817	10493508
10490817	10492674
10565978	10566488
10565978	10566488
10589183	10589775
10591110	10595592
10596251	10598405
10598642	10602562
10598642	10601562
10604160	10618865
10604160	10618865
10604160	10618865
10622564	10623158
10623900	10627110
10657690	10660671
10661164	10661758
10672489	10673368
10699274	10709159
10699274	10709159
10699274	10709159
10714398	10744149
10714398	10744149
10745821	10748203
10745821	10748203
10745821	10748203
10745821	10748203
10749704	10753321
10749790	10757471
10749790	10751612
10749790	10751612
10760485	10762411
10760485	10762411
10760485	10762411
10760485	10762411
10760485	10762411
10760485	10762105
10765457	10768070
10765457	10767167
10765457	10766377
10768722	10771072
10768722	10771072
10773000	10778408
10773000	10778408
10773000	10778408
10773000	10778408
10773000	10778408
10779220	10780517
10779220	10780517
10779220	10780517
10781620	10782811
10781620	10782811
10781620	10782676
10781620	10782676
10781620	10782676
10797068	10813361
10797068	10813361
10797068	10813361
10797068	10813361
10797068	10813361
10797068	10813361
10797068	10813361
10797068	10813361
10797068	10805357
10797068	10805357
10797068	10805357
10797068	10805357
10833508	10846588
10839388	10839653
10842247	10842689
10843104	10844919
10847501	10848481
10848896	10851772
10852588	10854604
10855447	10857271
10855447	10857271
10857923	10862783
10857923	10862783
10869381	10870541
10869381	10870541
10870703	10877553
10872340	10877553
10872340	10877553
10874473	10877553
10874473	10877553
10878515	10886135
10878515	10886135
10878515	10886135
10878515	10886135
10895011	10899191
10895011	10899191
10900530	10901626
10900530	10901626
10900530	10901626
10906085	10920296
10906085	10920296
10906085	10920296
10924029	10925522
10927579	10929625
10927579	10929625
10938637	10963467
10938637	10963467
10938637	10963467
10950369	10950963
10951774	10952419
10955588	10963467
10964206	10966552
10968743	11037715
11036107	11037715
11045119	11049408
11045119	11048626
11047723	11049408
11052604	11053485
11052604	11053485
11052604	11053485
11057676	11059421
11062159	11062842
11066613	11067926
11066613	11067926
11071720	11084125
11089372	11089987
11089372	11089987
11090580	11092002
11090580	11092002
11093046	11094304
11093046	11094304
11093046	11094304
11103477	11108078
11103477	11108078
11103477	11107015
11110042	11111825
11110042	11111825
11112850	11123598
11125314	11126686
11125314	11126686
11126974	11128974
11130979	11135916
11130979	11135916
11130979	11135916
11130979	11135916
11130979	11135916
11130979	11135916
11131483	11132323
11138058	11138944
11138058	11138902
11139843	11140244
11140619	11141031
11140619	11141031
11142681	11143379
11142681	11143379
11144154	11144695
11145648	11146377
11145648	11146377
11145648	11146377
11145648	11146377
11149715	11152380
11149715	11152380
11150649	11152380
11150649	11152380
11152965	11153677
11152965	11153677
11152965	11153677
11152965	11153163
11155138	11162785
11155138	11162785
11156759	11159760
11161321	11162785
11168197	11169029
11170005	11170509
11170005	11170509
11183057	11183397
11202383	11202720
11202383	11202720
11224128	11302649
11224128	11247467
11225106	11302649
11225106	11247467
11225106	11247467
11225106	11247467
11248410	11248777
11308532	11311208
11321720	11322290
11324669	11325185
11328047	11333528
11334788	11339527
11334788	11339527
11334788	11339527
11334788	11339248
11334788	11338824
11340453	11344095
11345266	11347882
11345266	11347882
11348206	11348816
11349173	11349720
11350097	11350425
11351705	11354535
11351705	11354535
11351705	11354535
11356355	11358225
11359330	11359763
11361814	11367462
11368537	11368880
11368537	11368880
11374493	11406178
11374493	11406178
11374493	11406178
11374493	11388174
11374493	11388174
11374493	11388174
11374493	11388174
11374493	11388174
11375810	11402804
11375810	11402804
11387238	11406178
11390455	11406301
11390455	11406178
11390455	11406178
11390455	11406178
11390455	11406178
11390455	11406178
11390455	11406178
11390455	11406178
11390455	11406178
11390455	11406178
11410055	11411525
11410055	11411525
11411911	11413190
11413499	11415569
11415888	11417403
11423063	11429631
11423063	11429631
11424272	11429631
11424272	11429631
11424272	11429631
11428655	11429631
11433279	11438894
11433279	11438894
11434760	11438894
11434760	11438894
11434760	11438894
11443634	11445558
11443634	11445558
11455078	11458312
11455078	11456616
11455078	11456513
11459883	11476074
11477594	11482861
11477594	11482861
11483655	11484979
11485394	11486121
11485394	11486121
11485394	11486121
11486768	11491523
11493867	11552954
11493867	11552954
11493867	11552954
11555615	11556300
11555615	11556300
11555615	11556300
11555615	11556300
11561974	11562703
11561974	11562703
11563511	11569966
11570711	11571300
11571788	11572398
11572803	11573524
11572803	11573524
11573859	11576039
11576172	11576478
11576954	11578769
11576954	11577843
11580925	11585454
11580925	11585454
11582193	11584160
11600088	11605446
11600088	11605446
11603336	11603879
11606782	11610828
11606782	11610828
11606782	11610828
11606782	11610828
11612179	11614955
11612179	11614955
11615344	11615754
11615344	11615754
11616869	11619087
11616869	11619087
11624104	11675362
11624104	11675362
11624104	11675362
11624104	11675362
11624104	11673981
11624104	11673981
11677664	11678434
11677664	11678270
11677664	11678270
11680854	11693938
11680854	11693938
11680854	11692809
11680854	11691413
11680854	11689551
11696450	11703643
11696450	11703643
11696450	11703643
11696450	11703643
11696450	11703643
11704505	11704928
11704505	11704928
11707005	11709447
11711509	11713564
11711509	11713564
11711509	11713564
11711509	11713564
11711509	11713564
11711509	11713564
11711509	11713564
11711509	11713564
11711509	11713564
11711509	11713564
11711509	11713564
11711509	11713564
11717075	11719488
11717075	11719488
11717075	11719488
11718234	11719488
11720663	11722788
11720663	11722788
11720663	11722788
11724397	11735911
11726528	11728814
11731223	11731646
11732416	11732662
11733624	11733894
11763205	11768587
11763643	11764481
11770944	11776814
11788940	11791731
11788940	11791731
11788940	11791731
11788940	11791731
11793448	11800061
11793448	11798357
11793448	11796669
11793448	11795794
11793448	11795609
11793448	11795609
11793448	11795609
11793448	11795609
11793448	11795609
11793448	11795609
11802612	11805021
11802612	11805021
11802612	11805021
11802612	11805021
11802612	11805021
11809930	11815284
11809930	11815284
11809930	11815284
11823608	11835263
11823608	11835263
11823608	11835263
11823608	11832924
11823608	11832924
11837602	11838010
11839611	11841358
11839611	11841358
11842950	11846051
11851629	11852262
11851629	11852262
11852856	11854658
11852856	11854658
11855353	11863692
11855353	11863692
11865104	11868737
11869248	11870498
11869248	11870432
11871496	11872546
11873502	11874926
11873502	11874926
11875582	11876902
11878742	11884810
11878742	11884810
11878742	11884810
11878742	11884810
11878742	11883586
11878742	11883586
11878742	11883586
11887398	11887859
11888497	11888968
11888497	11888968
11892039	11893671
11892039	11893671
11894765	11899471
11894765	11899471
11894765	11899471
11901237	11904911
11901237	11904911
11906451	11906664
11908579	11912407
11908579	11912407
11908579	11912407
11920730	11924443
11921779	11924443
11921779	11922651
11926748	11930513
11936044	11984894
11936044	11980057
11936044	11980057
11936044	11980057
11936044	11980057
11936044	11980057
11936044	11980057
11936044	11980057
11936044	11980057
11936044	11980057
11936044	11980057
11936044	11980057
11936044	11980057
11936044	11980057
11936044	11980057
11985782	11987686
11985782	11987686
11986969	11987686
11988162	11988912
11990238	11992666
11993496	12002096
11993496	12002096
11993496	11996521
12008271	12009785
12008271	12009785
12010093	12012084
12015520	12016971
12016004	12016971
12016004	12016971
12016004	12016971
12017450	12017873
12017450	12017873
12019182	12020663
12021161	12022667
12024307	12027867
12024307	12027867
12029785	12031426
12032815	12035191
12055499	12056522
12059847	12064989
12059847	12064989
12070489	12070881
12072211	12072730
12086552	12086944
12086552	12086944
12102943	12103810
12107298	12113254
12107298	12113254
12176894	12178607
12193882	12331183
12193882	12331183
12193882	12331183
12230226	12331183
12230226	12331183
12230226	12331183
12230226	12331183
12230226	12331183
12230226	12331183
12230226	12331183
12230226	12331183
12234670	12235729
12274725	12275089
12373246	12374279
12375595	12377704
12406548	12408405
12408956	12409743
12411416	12411722
12435253	12453291
12435253	12453291
12443199	12453291
12454870	12455438
12454870	12455438
12456555	12457690
12460365	12461868
12460365	12461868
12460365	12461868
12464100	12476573
12475768	12476573
12475768	12476573
12475768	12476573
12487083	12489047
12490384	12492900
12494461	12496561
12497574	12516059
12518978	12565451
12518978	12546691
12518978	12531233
12518978	12521807
12553249	12554135
12553249	12554135
12572485	12582550
12572485	12582550
12572485	12582550
12585938	12590448
12585938	12590448
12585938	12590448
12585938	12589582
12585938	12589287
12592699	12595546
12597354	12608757
12597354	12608757
12597354	12608757
12597354	12608757
12597354	12607248
12597354	12607248
12610434	12611551
12610434	12611551
12610434	12611551
12612483	12615337
12612573	12615337
12616678	12620921
12627234	12628249
12627234	12628249
12628554	12629503
12628554	12629503
12629960	12630894
12636162	12653203
12636162	12653203
12636162	12653203
12636162	12653203
12636162	12653203
12636162	12653203
12636162	12653203
12655239	12656493
12655239	12656493
12655239	12656493
12655239	12656493
12655239	12656493
12655239	12656493
12660785	12679240
12660785	12679240
12660785	12679240
12687299	12731439
12687299	12731439
12687299	12731439
12687299	12731439
12706199	12708570
12744558	12747435
12744558	12747435
12744558	12747435
12745416	12747435
12746373	12747435
12758051	12760373
12758051	12760373
12761297	12763343
12761297	12763343
12767165	12770621
12767165	12770621
12767165	12770621
12776672	12783434
12776672	12783434
12776672	12783434
12776672	12783434
12791463	12831636
12791754	12831636
12791754	12831636
12791754	12831636
12801709	12803675
12801709	12803675
12855757	12857659
12897546	12898587
12898902	12900955
12901545	12903340
12901545	12902894
12904276	12905781
12907189	12907791
12907189	12907791
12908343	12909437
12910204	12911709
12910204	12911709
12910204	12911709
12942659	12945490
12942659	12945490
12942659	12945490
12942659	12945490
12942659	12945490
12942659	12945490
12942659	12945490
12942659	12945490
12942659	12945490
12951303	12954539
12951303	12954539
12959283	12960561
12959283	12960561
12967910	12969946
12970729	12973865
12974784	12976231
12984612	12984916
12989239	13075798
12989239	13075798
13004149	13004744
13004149	13004744
13022259	13022719
13031086	13075798
13031086	13075798
13031086	13075798
13047905	13075798
13053399	13055292
13053399	13055292
13080401	13089776
13080428	13089776
13080428	13089776
13084554	13089776
13084554	13089776
13091484	13093378
13094574	13095505
13094574	13095505
13096817	13111843
13096817	13111843
13107473	13108096
13115260	13122848
13120754	13122848
13123472	13128298
13129103	13129977
13129103	13129977
13129103	13129977
13131798	13134436
13131798	13134436
13131798	13134436
13139670	13152957
13154149	13154860
13155097	13156863
13157697	13159373
13159884	13161459
13159884	13161459
13159884	13161459
13161917	13188928
13161917	13188814
13178103	13178500
13184576	13184973
13189766	13191772
13193331	13194348
13193331	13194348
13193331	13194348
13196279	13211102
13196279	13211102
13201567	13202131
13212590	13213523
13212590	13213523
13215325	13256831
13215325	13225035
13215616	13256831
13215616	13256831
13215616	13225035
13215616	13225035
13236094	13236523
13257623	13258235
13257623	13258034
13257623	13258034
13259247	13261864
13259247	13261864
13264981	13282199
13264981	13282199
13264981	13282199
13264981	13282199
13264981	13276440
13264981	13276440
13264981	13271523
13264981	13271523
13286352	13287494
13286352	13287494
13286352	13287494
13288364	13293878
13294970	13296547
13294970	13296547
13297231	13299573
13297231	13298902
13297231	13297896
13305881	13328765
13318653	13328765
13318653	13328765
13318653	13328765
13325855	13328765
13325855	13328765
13331123	13331706
13331123	13331706
13331123	13331706
13331123	13331706
13331123	13331706
13335984	13336377
13335984	13336377
13335984	13336377
13335984	13336377
13335984	13336377
13338376	13339604
13338376	13339604
13363293	13365961
13363293	13365961
13368201	13370333
13370788	13379581
13373869	13379581
13373869	13379581
13373869	13379581
13373869	13379581
13373869	13379581
13373869	13379581
13380955	13384688
13380955	13384688
13383268	13384688
13385338	13385792
13385338	13385792
13386343	13386932
13386533	13386932
13388013	13388749
13388013	13388749
13397272	13400418
13402222	13402714
13404968	13409035
13409598	13412696
13409598	13412696
13409598	13411466
13413468	13420755
13413468	13420755
13456712	13457611
13483137	13523444
13483137	13518894
13528014	13529132
13529816	13530104
13534474	13535803
13543775	13544702
13552923	13554249
13552923	13554249
13553062	13554249
13553062	13554249
13556550	13557593
13561712	13562816
13561712	13562816
13577507	13590416
13577507	13590374
13577507	13590374
13577507	13589953
13577507	13589953
13577507	13589953
13593793	13600092
13593793	13600092
13593793	13600092
13593793	13600092
13593793	13600092
13593793	13600092
13593793	13600092
13593793	13600092
13593793	13600092
13593793	13600092
13593793	13600092
13593793	13600092
13593793	13600092
13593793	13600092
13593793	13600092
13593793	13600082
13593793	13596567
13593793	13596567
13606446	13608911
13606446	13608911
13609745	13611965
13612173	13613042
13614437	13615980
13614437	13615980
13617435	13619053
13617435	13619053
13617435	13619053
13617435	13619053
13619562	13624305
13619562	13624305
13625458	13662759
13625458	13662759
13625458	13658115
13645559	13662759
13645559	13662759
13645559	13662759
13645559	13658115
13664795	13667740
13668088	13669181
13668088	13669181
13670561	13674194
13670561	13674194
13670561	13674194
13676916	13677821
13678369	13680153
13678369	13680153
13678369	13680153
13682977	13684067
13685808	13688403
13685808	13688403
13685808	13688403
13692561	13717606
13692561	13717606
13692561	13717606
13692561	13713651
13696815	13713651
13696815	13713651
13696815	13713651
13700585	13713651
13709932	13713651
13709932	13713651
13719175	13721676
13722355	13726631
13728031	13736040
13728031	13736040
13728031	13733829
13737101	13744398
13738250	13739070
13738250	13739070
13739981	13740892
13739981	13740892
13746775	13751902
13746775	13751902
13746775	13751902
13746775	13751902
13756257	13756760
13757272	13758544
13759603	13760998
13759603	13760998
13768081	13776733
13768081	13776733
13768081	13776733
13768081	13776045
13768081	13775463
13768081	13775463
13768081	13775463
13768081	13775463
13768081	13774818
13768081	13774818
13768081	13773982
13780176	13781929
13780176	13781929
13782656	13783173
13790381	13791073
13796440	13797619
13801680	13811173
13801680	13811173
13801680	13809052
13801680	13808519
13801680	13808519
13801680	13805479
13811760	13812676
13813727	13822008
13813727	13822008
13822928	13825697
13826469	13830010
13826469	13830010
13826469	13830010
13826469	13830010
13830920	13845475
13830920	13839770
13830920	13837984
13830920	13837984
13830920	13837984
13830920	13837984
13830920	13835445
13830920	13835052
13834641	13845475
13854098	13901623
13854098	13901623
13869553	13901623
13869553	13901623
13869553	13901623
13869553	13901623
13883064	13901623
13955422	13956389
13998162	13998616
13998162	13998616
13998162	13998616
13998162	13998616
13998162	13998616
14000211	14000845
14046829	14047465
14048068	14048704
14049337	14049973
14050606	14051242
14051875	14052511
14053144	14053781
14054414	14055050
14055683	14056319
14056952	14057588
14058221	14058858
14059491	14060127
14060759	14061395
14151689	14151914
14169614	14171448
14169614	14171448
14171684	14172470
14174828	14175528
14176948	14177951
14176948	14177951
14181099	14183177
14181099	14183177
14184597	14185736
14187280	14187641
14189568	14190670
14191355	14191986
14191355	14191881
14193380	14199804
14193380	14199586
14200262	14200857
14201464	14224622
14205285	14211070
14206316	14211070
14206316	14211070
14222956	14224622
14224707	14225803
14226341	14227852
14228306	14233541
14232720	14233541
14234696	14237323
14238375	14239923
14238375	14239923
14240317	14242581
14243830	14246378
14248121	14258384
14248121	14258230
14248121	14258230
14248121	14258230
14248121	14256265
14248121	14255156
14248121	14255156
14261586	14264738
14261586	14264738
14265567	14266179
14267654	14276631
14267654	14276631
14277830	14288040
14288283	14289364
14314818	14315412
14316190	14316979
14378978	14379765
14380508	14381298
14408274	14459464
14408274	14459464
14472798	14479775
14496248	14497024
14580667	14582033
14580667	14582033
14580972	14582033
14580972	14582033
14582183	14582893
14583754	14584284
14586365	14602510
14586365	14591395
14586365	14591395
14586582	14602510
14604485	14653244
14604485	14653244
14604784	14653244
14679605	14680916
14679605	14680916
14691261	14748630
14691261	14748630
14691261	14748630
14691261	14748630
14691261	14748630
14691261	14748630
14691261	14748037
14702359	14703558
14718355	14718864
14758046	14760365
14758046	14760365
14775360	14775991
14776879	14777735
14782999	14784006
14785311	14786210
14785311	14786210
14785311	14786210
14789669	14801343
14789669	14801343
14789669	14801343
14789669	14801343
14789669	14801343
14790548	14801343
14790548	14801343
14827787	14831782
14827787	14831782
14827787	14831782
14827787	14830461
14829053	14831782
14833255	14835785
14833255	14835785
14833255	14835785
14833255	14835785
14836726	14837330
14837562	14838102
14838427	14839035
14840972	14932272
14840972	14932227
14840972	14932227
14840972	14932227
14840972	14932227
14840972	14932227
14840972	14932227
14840972	14932227
14842795	14844732
14846781	14848778
14851256	14853122
14854434	14856303
14863883	14865995
14863883	14865995
14863883	14865995
14875590	14877661
14877674	14878520
14886452	14896217
14902044	14904936
14902044	14904936
14906670	14909006
14906670	14909006
14910201	14910819
14910201	14910819
14911842	14913797
14916770	14918744
14919609	14921606
14926602	14932227
14927596	14928775
14927596	14928775
14930105	14932227
14930834	14932227
14930834	14932227
14934629	14950599
14934629	14950599
14934629	14950599
14934629	14950599
14954200	14954996
14971721	15005258
14971721	15005258
14971721	15005258
14971721	15005258
14971721	14998145
14971721	14998145
14971721	14998145
15010831	15063092
15010831	15063092
15024704	15034090
15024704	15034090
15024704	15032683
15049108	15051109
15049108	15051109
15064051	15064403
15064051	15064403
15064051	15064403
15065579	15066372
15065579	15066372
15067194	15068865
15072271	15075940
15072271	15075940
15072504	15075940
15072504	15075940
15072504	15075940
15081550	15082193
15082878	15083740
15082878	15083740
15082878	15083740
15084180	15084534
15085180	15085790
15086228	15088248
15093254	15112219
15093254	15112042
15093254	15112042
15093254	15112042
15093254	15110643
15093254	15110643
15095509	15095959
15113931	15116372
15126034	15136795
15138770	15139254
15138770	15139254
15141249	15162654
15141288	15162654
15141288	15162654
15141288	15162654
15178478	15187707
15178478	15187707
15205889	15206555
15210457	15211334
15210457	15211334
15220424	15221098
15222845	15223483
15229002	15229691
15243907	15244837
15271398	15271830
15271398	15271830
15293157	15296553
15293157	15296553
15294359	15296553
15310388	15317765
15310388	15317765
15310388	15317765
15310388	15317765
15319782	15325918
15319782	15325918
15321019	15325918
15322867	15325918
15323641	15325918
15328445	15330701
15328445	15330701
15331026	15332942
15334062	15340168
15334062	15340015
15334652	15340015
15334652	15338974
15334958	15340015
15335048	15340015
15335213	15339632
15340522	15341980
15343006	15344491
15345407	15349682
15353105	15378314
15353105	15378314
15353105	15378314
15353105	15378314
15353105	15378314
15353105	15378314
15353105	15378314
15353105	15378314
15353105	15378314
15353105	15378314
15353105	15378314
15353105	15378314
15353105	15378314
15359428	15360337
15381343	15382680
15381343	15382680
15381343	15382680
15389620	15420115
15389620	15420115
15389620	15420115
15389620	15420115
15408038	15420115
15447421	15449767
15447421	15449767
15449232	15449767
15450392	15452477
15450392	15452477
15451507	15452477
15453576	15455303
15455825	15462335
15462829	15464408
15462829	15464408
15465859	15466710
15465859	15466710
15465859	15466710
15465859	15466710
15465859	15466710
15466832	15467469
15466832	15467469
15467907	15468274
15468405	15472039
15472244	15472818
15472893	15475316
15477943	15481017
15477943	15481017
15482476	15486441
15482476	15484568
15482476	15483675
15482476	15483274
15487243	15510401
15503827	15510401
15503827	15510401
15512739	15539414
15512739	15520163
15512739	15520163
15555362	15555975
15569246	15570243
15569246	15570243
15570948	15571665
15570948	15571665
15572316	15574498
15572316	15574498
15575056	15575663
15577151	15577889
15577151	15577889
15577151	15577685
15578435	15579435
15581085	15582768
15583463	15584990
15583463	15584990
15585993	15590823
15585993	15590823
15587790	15589304
15605165	15625724
15605165	15625724
15605165	15625724
15644292	15644779
15662586	15663319
15668061	15669294
15668061	15669294
15676408	15677624
15676408	15677624
15685074	15688789
15690732	15691077
15698522	15699865
15698522	15699865
15700405	15701087
15700405	15700792
15702003	15703621
15703028	15703621
15704229	15705451
15704229	15705451
15706932	15708974
15706932	15708974
15706932	15708974
15711125	15712009
15711125	15712009
15711125	15712009
15711125	15712009
15714116	15731147
15714116	15731147
15714116	15731147
15714116	15731147
15714116	15731147
15714116	15731147
15714116	15731147
15732192	15733228
15733241	15733923
15734370	15735492
15734370	15735492
15735836	15737033
15737563	15738826
15739404	15739978
15739404	15739978
15743214	15746042
15746772	15748772
15749253	15750935
15749253	15750935
15752232	15758033
15752232	15758033
15752232	15758033
15752232	15758033
15752232	15758033
15752232	15758033
15752232	15758033
15756395	15757767
15756438	15757767
15761335	15762595
15763083	15769372
15765506	15766411
15769712	15772824
15773237	15778703
15779183	15780062
15780498	15783634
15784314	15785060
15784314	15785060
15786173	15788009
15786173	15788009
15790291	15793512
15790291	15793512
15794100	15795062
15794100	15795062
15794100	15795062
15794100	15795062
15794100	15795062
15797252	15798232
15797252	15798232
15799675	15800896
15799675	15800896
15801250	15802707
15801250	15802707
15806289	15824448
15806289	15824448
15806289	15824448
15806289	15824448
15809605	15810902
15814188	15824448
15814188	15824448
15814188	15824448
15814188	15824448
15814188	15824448
15814188	15824448
15814188	15824448
15814188	15824448
15814188	15824448
15814188	15824448
15819683	15824448
15819683	15824448
15819683	15824448
15819683	15824448
15819683	15824448
15819683	15824448
15828271	15834164
15828271	15834164
15828271	15834164
15828271	15834164
15828271	15834164
15828271	15834164
15828271	15834164
15836296	15836673
15836296	15836530
15836296	15836453
15838381	15841060
15841841	15844081
15845383	15847313
15845383	15847313
15845383	15847313
15847978	15849164
15848333	15849164
15850363	15852289
15850363	15852289
15850363	15852289
15853447	15854707
15855066	15857104
15855066	15857104
15855066	15857104
15855066	15857104
15858197	15859309
15861775	15862796
15861775	15862796
15861775	15862796
15861775	15862796
15861775	15862796
15861775	15862796
15868337	15869334
15868337	15869334
15872193	15875411
15872193	15875411
15872193	15875411
15872193	15875411
15872193	15875411
15877234	15885894
15877234	15885894
15877234	15885894
15877234	15885894
15888035	15889662
15888035	15889662
15888035	15889662
15890673	15891487
15893006	15905924
15893006	15905924
15893006	15905924
15893006	15905924
15893006	15905924
15893006	15905924
15893006	15905924
15893006	15903799
15893006	15903799
15893006	15903799
15893006	15903799
15893006	15903799
15893006	15903799
15893006	15903799
15893006	15903799
15907273	15909109
15907273	15909109
15907273	15909109
15912073	15919881
15912073	15919881
15912073	15919881
15922103	15924525
15922738	15924525
15926153	15928407
15927819	15933603
15928859	15933603
15928859	15933603
15928859	15933187
15929063	15933603
15929332	15933603
15934757	15939100
15935250	15939100
15938324	15939100
15938324	15939100
15942453	15944055
15945057	15945603
15945057	15945603
15948366	15966538
15948366	15966538
15948366	15966538
15948366	15966538
15948946	15966538
15949792	15966538
15949792	15966538
15958432	15966538
15974426	15976706
15976984	15977446
15976984	15977340
15978200	15982520
15978200	15982520
15978200	15982520
15983921	15985365
15986010	15986676
15986010	15986676
15986010	15986676
15987284	15988829
15987284	15988829
15987284	15988829
15987284	15988829
15987284	15988829
15987284	15988829
15987284	15988829
15993510	15994972
15993510	15994972
15993510	15994972
15993510	15994972
15997125	15999638
16000436	16003925
16000436	16003925
16000436	16003925
16000436	16003925
16000436	16003925
16000436	16003925
16006228	16008638
16009129	16061675
16062009	16062774
16065553	16069694
16070719	16073082
16070719	16073082
16070719	16073082
16070719	16073082
16079819	16082186
16079819	16082186
16079819	16082186
16079819	16082186
16083284	16085662
16094102	16095675
16094102	16095675
16094102	16095675
16094102	16095675
16094102	16095675
16094102	16095675
16097019	16100218
16097019	16100218
16119050	16123194
16119050	16123194
16119050	16123194
16119050	16123194
16211571	16213278
16211571	16213278
16265379	16266494
16267480	16275566
16267480	16275566
16267480	16275566
16271521	16273612
16271521	16273612
16276419	16277309
16279965	16283733
16280888	16285103
16280888	16285103
16280888	16285103
16280888	16285103
16280888	16285103
16280888	16283733
16280888	16283733
16286089	16288407
16286411	16286923
16287148	16288407
16288952	16293195
16288952	16293195
16288952	16293195
16288952	16292079
16293895	16296366
16293895	16296366
16293895	16296366
16293895	16296077
16296777	16303096
16297674	16303096
16297674	16303096
16297674	16303096
16297674	16303096
16297674	16302933
16303991	16306214
16303991	16306214
16307016	16308275
16307016	16308275
16310184	16312966
16310184	16312966
16313883	16317613
16318181	16320336
16322047	16322953
16322047	16322953
16323469	16325655
16323469	16325065
16323469	16325065
16325935	16328053
16329070	16330235
16329070	16330235
16331561	16331953
16331561	16331953
16334391	16337807
16334391	16337807
16334391	16337807
16334391	16337807
16334391	16337807
16334391	16337807
16336232	16337807
16350587	16354786
16356755	16358823
16356755	16358823
16356755	16358453
16356755	16358051
16359341	16361214
16359341	16361214
16361699	16371547
16361699	16367011
16361699	16367011
16361699	16365744
16375057	16381267
16375057	16381267
16375057	16381267
16375057	16381267
16375057	16381267
16375057	16381267
16375057	16381267
16375057	16381267
16375057	16377375
16382257	16383511
16382257	16383511
16382257	16383511
16382257	16383511
16382257	16382950
16387013	16387960
16387013	16387960
16387013	16387960
16387013	16387960
16389295	16391354
16389295	16391354
16391762	16399568
16399898	16403481
16399898	16403481
16399898	16403481
16405731	16414300
16407055	16414300
16409079	16414300
16415425	16417103
16415562	16417103
16415733	16417103
16415733	16417103
16415733	16417103
16415733	16417103
16415733	16417103
16417829	16420061
16417829	16420061
16417829	16420061
16417829	16420061
16417829	16420061
16417829	16420061
16417829	16418980
16423281	16436812
16423281	16436812
16423281	16436733
16439240	16441202
16439498	16441202
16441784	16444758
16441784	16444758
16445554	16446879
16445554	16446879
16447659	16448220
16448699	16452085
16448699	16452085
16448699	16452085
16448699	16452085
16449485	16452085
16463745	16521772
16463787	16521772
16463787	16521772
16463787	16521772
16463787	16521772
16463787	16521772
16463787	16521772
16463787	16521772
16463787	16521772
16463787	16521772
16463787	16521772
16463787	16521772
16463787	16521772
16463787	16521772
16463787	16521772
16463787	16521772
16463787	16521772
16463787	16521772
16463787	16521772
16463787	16521772
16463787	16521772
16463787	16521772
16463787	16521772
16463787	16521772
16463787	16521772
16463787	16521772
16463787	16521772
16463787	16521772
16463787	16521772
16463787	16521772
16463787	16521772
16463787	16521772
16463787	16521772
16463787	16521772
16463787	16521772
16463787	16521772
16463787	16521772
16463787	16521772
16463787	16521772
16463787	16521772
16463787	16521772
16463787	16521772
16463787	16521772
16463787	16521772
16463787	16521772
16463787	16521772
16463787	16521772
16463787	16521772
16463787	16521772
16463787	16521772
16463787	16521772
16463787	16521772
16463787	16521772
16463787	16521772
16463787	16521772
16475739	16521772
16475739	16521772
16486833	16521772
16486833	16521772
16506036	16521772
16523301	16525221
16539344	16540781
16543682	16547434
16543682	16547434
16549241	16553391
16549241	16553391
16549241	16553391
16557694	16559407
16557694	16559407
16557694	16559407
16566275	16568030
16566275	16568030
16566275	16568030
16566275	16568030
16588109	16588806
16589339	16593366
16594002	16594809
16594002	16594809
16596682	16598242
16596715	16598242
16596715	16598242
16600156	16609098
16600156	16609098
16600156	16609098
16611193	16614014
16615509	16621346
16624041	16636283
16626162	16636283
16626162	16636283
16626162	16635574
16630838	16632144
16638234	16638805
16638234	16638805
16638234	16638805
16638234	16638805
16638234	16638805
16639979	16640337
16639979	16640337
16641478	16643507
16641478	16643507
16651484	16651841
16651484	16651841
16651928	16653167
16651928	16653167
16653435	16654867
16656399	16668594
16656399	16668594
16661071	16664455
16669040	16670132
16669040	16670132
16669040	16670132
16669040	16670132
16678438	16678843
16679316	16680062
16680267	16683440
16685150	16694202
16685150	16694202
16685150	16694202
16685150	16694202
16685150	16694202
16685150	16694202
16685150	16687163
16699327	16700138
16700883	16701897
16702955	16703862
16702955	16703862
16704089	16705155
16705991	16706844
16707688	16710984
16707688	16710984
16707688	16710984
16707688	16710984
16707688	16710293
16707688	16710293
16707688	16710293
16708239	16710984
16711507	16714213
16714888	16720714
16714888	16720714
16714888	16720714
16721502	16726730
16727801	16745833
16727801	16745833
16727801	16745833
16731171	16732384
16735074	16735816
16738179	16738810
16741005	16742176
16741005	16742176
16742924	16744254
16753464	16780056
16753464	16780056
16753464	16780056
16753464	16780056
16784076	16784963
16785478	16786750
16787951	16788695
16787951	16788695
16789676	16791130
16789676	16791130
16792555	16795318
16792555	16795318
16798632	16800608
16798632	16799535
16798632	16799535
16800961	16801913
16802036	16803251
16803761	16805280
16806308	16808385
16812004	16826138
16812004	16826138
16822634	16826138
16822634	16826138
16822634	16826138
16824442	16826138
16827398	16829086
16827398	16828074
16827398	16828074
16827398	16828074
16841098	16843807
16841098	16843807
16845810	16849939
16845810	16849939
16845810	16848951
16881456	16882683
16882851	16884240
16884602	16885516
16884602	16885516
16885613	16886437
16885613	16886437
16886968	16888234
16886968	16888234
16889811	16890637
16896415	16897094
16928696	16936677
16928696	16936677
16928696	16935852
16938752	16939973
16938752	16939973
16941574	16942582
16948107	16948440
16948863	16955464
16948863	16955464
16957493	16967672
16957493	16967672
16957493	16967672
16972695	17014999
16972695	16983637
16973034	17049439
16973034	17032535
16973034	17014999
16973034	16983637
16973034	16983637
17022325	17023307
17023527	17023945
17067370	17068457
17070274	17076965
17070352	17076965
17070352	17076965
17070352	17076965
17070352	17076965
17070352	17074998
17078935	17079586
17078935	17079586
17080422	17087612
17081585	17083209
17092121	17097728
17102254	17104085
17102440	17104085
17102440	17104085
17102440	17104085
17102440	17104085
17104641	17105775
17104641	17105611
17104641	17105611
17124904	17135121
17126403	17135121
17126403	17135121
17130537	17135121
17133711	17135121
17137076	17141112
17137076	17141112
17137076	17141112
17137076	17141112
17141090	17142863
17143702	17147199
17143702	17147199
17143702	17147199
17143702	17147199
17149138	17150299
17149932	17150299
17151759	17154480
17154977	17159214
17161073	17194394
17161073	17194394
17186942	17194394
17186942	17194394
17200784	17202518
17203196	17203824
17206476	17207704
17208437	17209009
17208557	17209009
17209439	17209961
17212329	17213908
17215334	17217097
17215334	17217097
17218982	17219322
17218982	17219322
17221548	17222546
17221548	17222487
17223123	17223786
17225866	17226388
17225866	17226388
17230333	17230998
17241817	17244911
17241817	17244911
17246368	17246967
17248597	17249302
17249803	17280400
17259476	17280400
17259476	17280400
17262771	17280400
17262771	17280400
17265720	17280400
17268563	17280400
17275664	17280400
17278789	17280400
17281810	17282693
17281810	17282693
17283814	17284473
17286672	17301434
17286672	17295055
17286672	17291328
17302916	17304837
17302916	17304837
17302916	17304837
17302916	17304837
17302916	17304837
17314871	17323300
17320760	17323300
17397695	17402410
17397695	17401518
17414380	17422042
17414380	17422042
17415833	17422042
17422855	17423126
17423626	17428599
17426054	17428599
17446534	17448701
17449141	17452328
17457905	17464244
17457905	17464244
17458220	17534618
17458220	17531239
17458220	17464244
17458220	17464244
17458220	17464244
17458220	17464244
17566849	17569135
17566849	17569135
17567244	17569135
17567244	17569135
17572050	17578744
17572050	17578744
17572050	17578744
17572050	17576062
17590203	17591548
17590203	17591548
17590203	17591548
17590203	17591548
17596701	17598378
17596701	17598378
17596701	17598378
17596701	17598378
17596701	17598378
17596701	17598378
17600907	17605309
17600907	17605309
17600907	17605309
17600907	17605309
17600907	17605309
17623694	17627450
17625456	17627450
17628355	17629423
17630061	17631999
17630061	17631999
17632423	17633433
17632423	17633433
17634331	17635926
17634331	17635926
17636369	17638924
17641617	17650228
17641617	17650228
17641617	17650228
17641617	17650228
17641617	17650228
17641617	17650228
17641617	17650228
17652890	17656598
17661185	17668937
17661185	17668937
17661185	17667961
17669487	17671830
17673154	17695495
17673154	17695495
17673154	17689963
17673154	17677110
17673154	17677110
17701015	17702209
17701015	17702209
17701015	17702209
17701015	17702209
17703652	17705419
17703652	17705419
17707634	17709441
17711042	17751252
17711042	17751252
17711042	17751252
17711042	17751252
17711042	17751252
17734871	17751252
17734871	17751252
17739275	17751252
17739275	17751252
17768932	17777842
17768932	17777842
17768932	17776450
17791068	17813928
17819237	17819615
17822326	17825855
17822326	17825855
17831322	17841099
17831322	17841099
17842260	17843159
17843419	17844619
17845511	17847656
17845511	17847656
17845511	17847068
17848640	17849955
17848640	17849955
17848640	17849955
17848640	17849798
17850542	17851741
17851887	17852607
17853028	17856007
17857262	17858264
17857262	17858264
17857526	17858264
17857526	17858264
17858769	17860726
17861165	17862624
17861165	17862624
17863619	17877478
17863619	17874879
17868152	17877478
17868152	17874879
17868346	17877478
17883809	17885084
17888190	17889343
17889992	17898455
17889992	17898455
17889992	17898455
17889992	17898455
17889992	17897220
17889992	17892479
17889992	17892463
17900147	17905877
17900147	17905877
17900147	17905877
17900147	17905877
17900147	17904642
17900147	17902634
17900147	17902618
17906174	17907057
17908579	17910179
17908579	17910179
17918918	17923711
17918918	17923711
17930123	18014310
17930123	17976532
17930123	17950721
17940726	18039230
17940726	18039230
17940726	18039230
17940726	18039230
17940726	17976532
17949618	17976532
17950604	18039230
17950604	18014310
17950604	18014310
17950604	17993439
17950604	17976532
18005896	18007492
18024476	18028159
18044141	18048630
18044141	18048630
18064603	18078395
18079653	18082287
18079653	18082287
18079653	18082287
18079653	18082287
18085913	18087678
18085913	18087582
18089007	18090422
18089869	18090422
18091383	18092710
18092331	18092710
18095266	18097248
18095266	18096877
18095266	18096877
18095266	18096877
18095266	18096877
18098391	18099711
18098391	18099711
18098391	18099711
18102061	18103218
18103682	18105157
18105960	18114625
18105960	18114625
18105960	18114625
18105960	18114625
18105960	18114625
18105960	18114625
18105960	18114625
18105960	18113518
18105960	18113518
18105960	18113518
18106030	18114625
18106030	18114625
18106030	18114625
18125163	18126843
18129703	18130137
18132795	18136660
18132795	18136660
18132795	18136660
18132795	18136660
18132795	18136660
18132795	18136660
18138632	18138879
18138674	18138879
18161230	18170156
18161230	18170156
18161230	18170156
18161230	18170156
18178684	18179434
18192501	18201459
18192501	18201459
18192501	18201459
18192501	18201459
18204542	18205120
18209535	18210507
18213003	18220034
18213073	18220034
18213073	18220034
18213073	18220034
18241347	18243005
18258941	18259448
18258941	18259448
18277604	18283951
18306093	18307599
18306093	18307599
18306093	18307599
18314489	18315732
18314489	18315103
18327255	18330400
18327255	18330400
18358904	18361564
18358904	18361564
18372134	18376051
18372134	18376051
18372134	18376051
18372134	18376051
18372134	18376051
18372134	18376051
18372134	18376051
18372134	18373697
18378175	18379753
18378175	18379753
18378175	18379753
18380189	18381233
18381707	18385093
18387950	18390281
18387950	18390281
18390794	18408895
18390794	18408895
18390794	18408604
18390794	18408604
18390794	18407879
18390794	18404214
18399620	18400022
18415520	18416791
18422483	18426517
18422483	18426517
18435862	18440408
18435862	18437127
18437505	18438151
18438897	18439210
18439695	18439974
18444237	18462527
18444237	18462527
18459269	18460364
18480137	18482636
18480137	18482636
18480137	18482636
18484648	18486138
18487647	18489486
18491408	18491891
18493517	18494082
18493517	18494082
18496408	18499436
18496408	18499436
18496408	18499436
18500183	18500934
18501837	18504852
18501837	18504852
18506065	18512048
18506065	18512048
18513188	18514709
18513188	18514709
18515591	18520198
18515591	18520198
18517552	18520198
18517552	18520198
18520831	18570936
18521339	18522338
18526943	18528254
18528713	18529236
18566413	18570936
18566697	18571269
18566697	18570936
18566697	18570936
18606701	18612573
18624924	18629251
18626055	18629251
18636312	18647220
18636312	18647220
18636833	18647220
18636833	18647220
18637354	18647220
18648307	18649360
18649532	18650270
18650826	18652963
18653985	18657143
18653985	18656608
18657841	18660456
18660488	18662148
18685963	18688151
18685963	18688151
18689145	18692218
18689145	18692218
18708663	18726572
18709896	18711545
18725231	18725597
18739277	18739724
18747290	18748265
18764715	18773785
18775580	18781194
18780682	18781194
18780682	18781194
18781775	18783375
18786460	18788060
18788833	18805748
18788833	18805748
18791436	18805748
18791899	18792554
18794964	18796293
18794964	18796293
18794964	18796293
18794964	18796293
18806993	18810941
18820666	18826453
18820666	18826453
18830664	18831800
18838056	18842310
18838056	18841138
18838089	18842310
18844033	18855609
18846503	18848288
18849155	18855609
18856012	18857376
18856012	18857376
18856012	18857376
18858296	18859954
18860315	18860925
18860315	18860925
18862233	18863682
18862233	18863682
18865441	18878121
18865441	18878121
18884818	18887446
18884818	18887446
18889292	18893452
18889292	18893452
18890668	18893452
18894663	18896162
18894663	18896162
18900944	18909089
18900944	18909089
18900944	18909089
19011074	19026058
19011074	19013348
19011074	19013348
19011074	19013348
19050474	19050838
19050474	19050838
19065415	19067420
19068620	19068767
19068620	19068767
19077807	19078373
19081745	19082440
19082804	19083179
19123799	19124276
19125458	19127304
19125458	19127304
19135402	19135843
19143584	19164678
19143584	19164678
19143584	19164678
19143584	19154953
19143584	19153258
19168991	19170544
19177281	19179679
19177281	19179679
19180280	19181193
19183546	19186914
19183546	19186773
19185705	19186773
19188116	19190088
19190277	19190815
19192500	19193448
19193833	19195451
19193833	19195451
19197982	19201604
19199209	19201604
19199861	19201604
19202871	19207759
19208820	19211358
19208820	19211358
19213294	19214808
19215564	19216489
19215564	19216489
19221031	19235400
19221031	19235166
19236176	19238467
19243741	19244825
19245271	19247114
19249142	19251261
19249142	19251261
19252721	19261050
19252721	19261050
19252721	19259744
19262340	19271578
19262340	19271578
19262340	19271578
19262340	19271578
19266956	19268716
19273784	19274828
19273784	19274828
19275156	19276824
19277302	19280322
19277302	19279906
19282726	19297196
19282726	19284704
19301580	19303924
19301580	19303924
19311490	19313689
19311490	19313689
19329711	19343656
19329711	19343656
19329711	19343656
19329768	19343656
19464671	19469550
19464671	19469550
19464671	19469550
19464671	19469550
19474181	19479257
19474181	19479257
19475168	19475802
19479429	19479876
19479429	19479876
19480623	19483941
19480623	19483941
19486102	19491813
19486102	19491813
19492538	19493237
19493407	19494379
19494545	19494902
19498776	19508527
19498776	19508527
19498776	19508527
19506918	19508527
19506918	19508527
19506918	19508527
19506918	19508527
19506918	19508527
19506918	19508527
19506918	19508527
19506918	19508527
19506918	19508527
19506918	19508527
19509947	19517232
19509947	19517232
19509947	19517232
19519286	19521699
19519286	19521699
19519286	19521699
19523097	19529757
19523097	19529757
19523097	19529757
19523097	19529757
19523097	19529757
19523097	19525208
19523097	19525208
19523097	19525208
19523097	19524178
19528416	19529757
19531069	19531621
19533163	19545356
19533163	19544116
19533163	19544116
19561576	19565469
19561576	19565469
19561576	19565141
19561576	19565141
19561576	19565141
19562652	19565469
19566343	19568383
19566343	19568317
19566343	19568317
19571580	19577494
19571580	19577494
19571580	19577494
19571580	19577494
19571580	19573666
19571580	19573666
19571580	19573458
19574830	19577494
19575225	19577494
19580545	19581659
19580921	19581659
19583643	19586546
19583643	19586546
19587381	19590071
19592648	19595390
19598435	19598916
19598435	19598916
19598435	19598916
19598435	19598916
19600474	19601690
19600474	19601690
19605505	19610890
19605505	19610890
19605505	19610890
19610164	19610890
19611758	19613932
19611758	19612993
19611758	19612920
19613976	19615416
19613976	19615416
19613976	19615416
19613976	19615416
19616277	19616761
19616277	19616761
19616909	19617788
19616909	19617788
19616909	19617788
19617950	19618425
19617950	19618425
19618928	19621118
19618928	19620916
19621605	19622965
19622172	19622965
19622172	19622965
19622172	19622965
19623211	19624631
19623211	19624631
19625739	19626526
19628098	19636437
19628098	19636437
19628098	19636437
19628098	19636437
19628098	19636437
19639311	19640470
19639311	19640470
19639311	19640470
19641776	19642697
19643888	19644093
19643888	19644093
19643888	19644093
19644669	19645916
19644669	19645916
19647574	19651300
19647574	19651300
19652457	19659245
19652457	19659245
19659711	19661522
19659711	19661522
19659711	19661522
19664647	19665353
19664647	19665353
19664647	19665353
19667603	19672186
19670532	19672186
19670532	19672186
19672635	19675607
19672635	19675607
19676538	19682970
19684002	19686066
19684002	19686066
19687862	19688925
19690831	19692957
19690831	19692957
19694566	19694951
19694566	19694951
19694566	19694951
19697959	19698594
19697959	19698594
19697959	19698594
19700443	19701728
19700443	19701728
19702253	19704018
19702253	19704018
19704412	19706342
19706872	19711947
19706872	19711947
19706872	19711947
19706872	19711947
19719736	19726686
19719736	19726686
19731401	19734230
19735990	19738383
19740906	19741197
19740906	19741140
19740906	19741140
19740906	19741140
19741779	19742868
19741779	19742868
19741779	19742868
19741779	19742868
19744530	19745105
19744530	19745105
19745108	19745553
19745108	19745553
19746190	19747870
19746190	19747870
19748914	19749851
19748929	19749851
19751435	19758757
19751435	19758757
19751435	19758757
19755305	19758757
19759370	19762233
19759370	19762233
19759370	19762233
19769436	19782286
19776884	19782286
19777495	19782286
19777495	19782286
19777495	19782286
19812802	19813277
19816139	19816614
19823495	19823999
19833338	19851012
19833338	19849944
19833338	19836520
19833338	19836520
19852349	19859316
19852349	19859316
19859787	19865458
19864887	19865458
19868411	19904958
19868411	19904958
19868411	19904958
19886949	19887492
19892445	19904958
19899376	19904958
19899376	19904958
19899376	19904958
19900970	19904958
19909622	19909991
19914786	19915155
19919949	19920318
19928677	19929052
19933802	19934177
19938493	19938868
19943661	19944030
19948387	19948756
19953122	19953491
19957856	19958225
19958499	19959367
19963956	19967460
19963956	19967460
19963956	19967460
20001102	20001966
20007018	20028867
20007018	20028867
20007018	20028867
20007018	20028867
20007018	20028867
20007018	20013116
20051457	20052088
20091602	20092385
20094399	20095767
20096161	20096474
20110182	20110476
20122485	20125108
20122485	20122819
20130756	20131125
20133991	20138372
20133991	20138372
20139854	20140170
20141107	20141424
20141818	20143188
20148260	20155308
20148260	20155308
20148260	20155308
20157582	20158947
20157582	20158947
20157582	20158947
20157582	20158357
20160917	20162636
20160917	20162636
20160917	20162636
20166766	20167980
20168150	20169845
20170350	20171378
20171591	20173380
20171591	20173380
20174588	20178515
20174608	20178515
20182337	20186390
20182337	20186390
20182337	20186390
20190091	20194120
20190091	20194120
20190091	20194120
20220898	20224897
20228718	20235663
20228718	20235663
20228718	20235663
20228718	20235663
20228718	20235663
20228718	20235663
20228718	20235663
20228718	20235663
20228718	20235663
20228718	20235663
20228718	20235663
20228718	20235663
20228718	20235663
20228718	20235663
20228718	20235663
20239979	20242141
20239979	20242141
20244884	20247778
20244884	20247778
20244884	20247397
20248868	20250953
20251632	20253263
20254899	20257037
20254899	20257037
20254899	20257037
20259318	20259595
20267980	20269500
20310308	20315432
20310308	20315432
20310308	20315432
20310308	20315432
20327605	20328214
20375819	20376392
20390189	20390768
20391537	20392258
20392447	20393642
20394881	20411554
20412419	20413497
20413833	20414087
20415770	20416344
20416746	20417671
20418171	20418765
20418171	20418765
20420139	20420856
20420139	20420856
20421864	20422852
20421864	20422852
20421864	20422852
20421864	20422852
20424155	20426316
20426645	20426990
20426645	20426990
20427668	20429570
20427668	20429570
20427946	20429570
20430255	20432926
20430255	20432926
20434488	20443477
20446404	20446681
20449946	20465588
20449946	20465588
20467681	20469665
20468577	20469665
20468577	20469665
20472033	20490870
20472033	20490870
20472033	20490870
20472033	20490870
20472033	20490870
20486363	20486538
20511909	20514814
20516300	20523967
20516300	20517768
20527666	20527964
20540882	20566013
20574325	20574623
20592125	20604635
20592161	20604635
20592161	20604635
20658414	20661253
20658414	20661253
20658414	20661253
20668432	20669568
20669143	20669568
20671302	20676845
20671302	20676267
20671302	20675689
20671302	20675162
20671302	20674758
20671302	20673965
20671302	20673438
20671302	20672911
20694694	20696634
20694694	20696634
20694694	20696634
20734820	20735699
20734820	20735699
20745139	20745747
20772580	20826346
20772580	20805877
20772580	20805877
20772580	20805877
20772580	20803315
20772580	20792474
20772580	20784627
20772580	20777261
20780571	20781153
20824293	20825515
20865154	20865674
20868202	20869339
20881893	20882541
20931131	20933483
20931131	20933483
20932759	20933483
20934954	20939381
20962707	20963487
20964620	20965403
20978379	20978647
20984722	20985011
21023646	21025790
21026407	21028275
21026407	21028275
21030256	21031859
21030256	21031859
21030256	21031144
21035615	21038859
21035615	21038859
21035615	21037720
21036415	21038859
21039715	21040438
21042520	21044006
21042520	21044006
21043171	21044006
21047191	21048968
21047191	21048968
21047191	21048968
21050270	21053710
21050270	21053710
21061010	21080844
21061010	21080844
21061010	21077107
21061010	21077107
21062966	21067219
21062966	21067219
21062966	21064461
21062966	21063979
21093986	21108536
21095701	21102077
21099413	21102086
21099413	21101818
21104958	21106152
21104958	21106152
21108784	21111123
21111542	21116343
21111542	21116343
21117497	21120258
21117497	21120258
21117497	21120258
21117497	21120258
21117497	21120258
21132452	21140127
21132452	21140127
21132452	21140127
21132452	21133627
21146589	21146955
21193384	21194287
21202654	21203212
21205682	21211756
21205682	21211756
21205682	21211756
21205682	21211756
21205682	21211756
21209096	21211756
21209096	21211756
21209096	21211756
21209096	21211756
21217905	21218759
21250182	21251025
21285358	21292133
21285358	21292133
21292875	21300362
21293337	21300362
21293337	21300362
21307682	21315055
21316179	21317603
21318063	21318795
21318063	21318795
21318854	21319127
21318854	21319127
21321321	21323229
21321321	21323229
21321321	21323229
21324462	21327403
21324462	21327403
21331959	21336912
21331959	21336912
21331959	21336912
21331959	21336912
21331959	21336912
21333979	21336912
21339895	21344185
21345452	21346431
21346563	21349751
21350610	21357434
21350610	21357434
21350610	21354102
21351763	21357434
21358377	21360838
21363060	21365207
21369750	21372236
21369750	21372236
21369750	21372236
21369750	21372236
21376206	21383905
21376206	21383905
21376206	21383905
21376206	21383905
21376206	21383905
21376206	21383905
21376206	21383905
21376206	21383905
21376206	21383905
21376206	21383905
21376206	21383905
21376206	21383905
21376206	21383905
21382571	21383905
21385855	21387851
21385855	21387851
21389013	21390850
21389013	21390850
21396842	21397280
21402459	21402717
21402459	21402717
21424587	21442668
21424587	21442668
21424587	21442668
21428691	21429243
21441428	21442668
21441428	21442668
21477253	21478945
21517548	21519138
21600842	21604569
21600842	21604569
21600842	21604569
21600842	21604569
21600842	21604569
21606094	21608858
21606094	21607943
21606094	21607943
21609507	21611469
21612189	21614950
21612189	21614035
21615599	21617561
21618281	21621042
21618281	21620127
21621691	21623669
21626054	21630036
21626054	21630036
21626054	21628903
21626054	21628903
21626054	21628721
21626054	21628721
21626054	21628721
21626054	21628514
22143103	22143816
22251627	22252340
22444982	22446989
22444982	22446989
22444982	22446989
22445787	22446989
22447925	22449235
22447925	22449235
22449946	22451427
22453229	22454584
22453229	22454584
22453229	22454584
22453229	22454584
22457761	22468184
22457761	22468184
22457761	22468184
22457761	22468184
22457761	22466193
22463904	22468184
22463904	22468184
22463904	22468184
22463904	22468184
22466718	22468184
22470826	22471776
22470826	22471776
22473811	22474860
22475730	22480594
22475730	22480594
22475730	22480594
22475730	22477329
22482738	22486074
22482738	22486074
22482738	22486074
22482738	22485251
22482738	22485251
22482738	22485251
22482738	22485251
22482738	22485251
22487668	22507451
22487668	22507451
22487668	22504254
22487668	22504254
22487668	22504254
22487668	22504254
22487668	22498902
22491979	22503781
22491979	22503781
22491979	22503781
22528094	22541818
22528094	22541818
22530352	22533439
22530352	22533439
22536860	22540097
22536860	22540097
22540855	22541818
22540855	22541818
22542449	22544223
22547131	22547792
22583960	22632564
22809672	22811802
22827046	22829239
22827046	22829239
22827046	22829239
22827046	22829239
22827046	22829239
22827046	22829239
22866190	22882017
22866190	22882017
22873017	22875142
22945486	22945856
22958945	22959965
22958945	22959965
22961292	22962339
22961643	22962339
22982405	22992674
22982405	22992674
22982405	22992674
22982405	22992674
22992726	22995759
22992726	22995759
22992726	22995759
22992726	22995759
23008921	23010734
23012376	23013106
23012376	23013106
23012376	23012946
23013583	23014863
23013583	23014863
23013583	23014159
23023399	23034039
23025395	23034039
23028592	23034039
23028592	23034039
23030431	23034039
23030431	23034039
23036146	23047612
23036146	23047612
23068599	23080125
23068599	23080125
23068599	23080125
23071759	23080125
23081631	23082129
23081631	23082129
23082845	23084432
23084690	23085366
23087107	23089210
23087107	23089210
23087107	23089210
23087107	23089210
23087107	23089210
23087107	23089210
23087107	23089210
23089410	23092522
23089410	23092522
23097697	23101107
23097697	23101107
23097697	23101107
23106105	23107330
