648	1111
2915	4565
4661	5744
7301	8738
9248	9567
10057	10226
11772	12187
12560	13358
13357	14059
14055	14934
14933	15914
17165	18360
19276	20039
20040	21061
21169	22253
22747	23624
23625	24427
24443	25296
25357	26303
26304	27379
27499	28787
28797	29935
30581	31362
31373	32013
32096	32778
32779	34028
34247	35334
35403	35844
36128	37371
37493	38106
38100	38653
38699	39209
41239	42037
42036	42738
42734	43613
43612	44716
44803	46816
46966	48185
48251	48515
48631	49538
49576	50791
50832	53076
55112	56048
56146	57575
57939	58035
58383	58608
58604	58920
59765	60905
60977	61748
62590	63709
64005	65242
65718	66201
66475	67352
68356	69871
72009	73672
76373	78564
78664	80642
80666	81966
82075	83504
83752	86216
86478	88015
88027	89450
90529	93134
93209	93794
94080	96010
96121	98701
98669	98915
101600	101810
101927	102257
103349	104682
104696	105651
107453	111984
113212	113840
113854	115274
116796	116982
120717	121012
121017	122056
122054	123186
123990	125268
125264	125960
126056	126824
126833	127682
127683	128631
128721	129741
130244	130731
130748	131244
131529	133084
133098	133678
133728	134113
134167	135167
135209	136638
136701	136972
137003	139868
141177	141483
141486	141921
142157	143550
144384	145209
145208	146228
151862	152963
152949	153465
155448	156303
159614	159983
163232	163872
169313	169563
170152	170812
170830	171049
171576	172348
172378	173399
173597	174432
174515	175154
175208	176243
176473	177182
177200	178395
178396	179201
179340	180294
180983	181202
181501	182221
182214	182535
182549	184007
184167	184405
184406	185295
185338	187214
187249	187702
187701	188340
188520	188913
188929	189358
189823	190700
190789	191518
191620	191887
191947	192604
192743	193956
193961	194691
195137	195665
196360	197422
198553	198727
198735	199281
204259	205087
205198	207106
207196	207784
207955	208253
208291	208768
210686	210956
211222	211948
212184	212718
212888	214664
215304	217227
220976	221330
221395	221665
221803	222073
222481	223294
223378	223816
223835	225887
230046	230880
230876	231077
232106	232766
232749	233205
234819	235110
235111	237499
239457	239704
239698	240511
241156	241648
241644	242631
242698	243133
243136	243610
243837	245239
245316	246004
246031	247975
248068	249454
249665	250241
250819	251279
251282	252480
252478	252857
253761	254599
254631	255756
255844	256765
257318	258993
258987	260365
265041	267576
267587	269075
270941	271058
271535	272210
273032	274145
274297	276344
277367	278099
279824	280688
280733	281279
286801	287692
287994	288673
290265	291156
292793	296234
296506	298351
298355	298652
298757	300428
300592	300916
300926	301232
303962	305799
305829	307773
307990	310261
311171	311868
311871	313066
313997	314658
314680	315932
316010	317159
317385	319293
319547	320988
321132	321591
321891	324550
324614	326274
326389	327812
327971	328512
328525	330590
330714	331339
331444	332687
332889	333445
333473	333794
333800	334475
336482	338132
338228	338906
339376	340250
340252	340829
341377	343072
344643	346092
346193	347045
347118	348844
354276	355506
355627	358435
358657	359158
364153	365623
365689	367777
367804	368443
372568	373021
373021	373267
373268	373751
373842	374856
376588	377522
377533	378074
378171	380328
382605	383182
383271	383926
383924	385974
385980	387055
387056	387597
387680	388383
388505	389139
389199	390571
390594	391650
391636	392365
392499	393264
393403	394169
394278	395082
396174	396750
396761	397652
397823	398738
398734	399940
400075	400817
401038	403309
403502	404579
404575	405679
405787	407261
407296	409324
409600	410956
410952	411618
412160	412256
412392	412893
412952	414680
414759	415017
415174	416215
416286	416833
417134	418202
420963	421770
421907	422250
425131	426002
426159	427492
427562	428756
431908	433888
434055	434760
434940	436522
436934	437264
437260	437995
438004	438934
444977	446123
446334	447144
447173	449255
449251	451366
451438	451705
451766	452393
452645	453663
453859	455657
455693	456479
457219	458032
458304	458914
458964	461389
461392	463037
463108	464015
464053	464521
464496	464901
465008	465999
466062	466785
466966	467650
468711	470508
470676	471060
475344	476568
476540	476741
478436	479312
479308	479596
479633	480641
481017	481980
482033	482672
485120	486236
491019	492796
492927	493981
494062	495116
495117	495604
496440	497244
497291	497966
501761	503165
503233	504637
504655	506416
506426	507308
507276	508122
508851	509605
509626	510809
510861	511575
513644	514409
514479	515382
515550	517314
519982	520418
520667	522024
522034	522515
523076	524373
524375	526263
527212	530156
532030	532921
532914	533617
533629	533974
533975	534404
536932	537791
537949	539329
539433	539941
541586	541910
542028	543024
545010	546288
546330	547275
552224	553221
555950	556631
556632	557766
557793	558138
558216	560097
561339	563710
563900	565173
565269	568288
568512	569901
570183	571444
572996	573254
573422	574710
575046	575674
585340	587476
587872	588980
588966	589750
589930	591032
591700	593062
593539	594727
594865	595466
595568	596112
596693	597224
597459	598774
598862	599912
599936	601994
602155	603196
603363	604003
604013	604599
605779	606968
607046	608561
609240	610011
610073	610536
610815	611953
612186	613335
614597	615479
616348	617251
617295	617982
622700	623130
623173	624061
624060	625281
626170	627502
627706	627937
628192	628921
628937	629876
630501	631452
631637	631808
633491	634862
635078	635678
635773	636083
636376	637718
637722	638956
638950	639683
639684	640309
640314	640909
640923	642157
642302	643341
643722	644878
645657	646632
648120	648861
649013	651230
651192	651303
651340	652195
652701	653614
653799	655237
655421	656249
656257	657394
657518	657924
658193	658368
658373	658932
658943	659721
661526	661967
661995	662520
662616	663399
663471	664063
664067	665424
665467	668786
668797	669869
670043	670902
671736	672691
672819	673789
673901	674252
674288	675029
675066	675594
675638	675887
676977	678787
679073	679614
679635	680722
680725	681584
682643	683369
683439	684088
684410	685955
686437	688475
688708	690251
690387	691558
692360	695442
696431	698228
698340	698928
705037	705943
706074	707539
707650	709220
710293	710753
710791	711994
712151	713493
714827	716955
718102	719942
720062	721509
722428	722779
724019	724994
725004	726855
726924	727218
728126	729275
729617	730709
735941	738773
738928	739433
745197	746280
750611	751406
751415	751859
751862	752315
752483	752951
753053	753948
754060	754706
764497	764713
765189	765433
765438	766458
768200	768788
768798	769524
769602	770644
770980	773135
773218	774908
777767	778124
778848	780550
781711	782555
783021	783888
783954	784596
784619	785336
785638	787081
789504	790314
791696	792453
792678	793995
794855	796562
796577	797735
798007	799277
799379	800595
802105	803344
803566	805735
805709	805916
806001	806208
806293	806500
806573	806780
806858	807243
807256	807466
807825	809086
809187	809832
809828	811049
811045	812440
812436	812886
813002	813564
814187	815085
815070	816637
817982	818400
818449	819358
819425	820239
820310	821406
821438	822330
823855	824470
824531	825104
826050	826515
826548	828315
829905	830311
830383	831071
832771	833357
833708	834275
835439	836724
836784	837187
837191	837900
837901	839216
839295	841525
841541	841896
841980	842572
842575	842912
846276	847015
847651	848093
848175	848455
851030	851868
851869	852731
935687	936891
936927	938820
938893	939985
940032	940617
942319	943646
943845	944476
944486	945309
945902	947274
947349	947887
947885	948555
948562	949855
949854	949959
951066	951852
951851	952658
954375	955330
955425	955701
955791	956760
957182	959988
960143	960378
960709	961499
962312	962991
966264	966781
966926	967529
967716	969036
969835	970951
971038	972404
972448	973174
974853	975385
977384	977657
977796	978387
978422	979217
979955	980642
980654	981992
982001	982415
982411	982933
982929	983436
983436	984234
984334	986927
987998	988326
988385	988986
989003	990957
991067	991407
991951	993622
993623	994565
994566	996066
996760	997039
999209	999992
1000030	1001011
1001352	1003522
1003586	1004219
1004235	1005279
1005350	1006286
1006362	1006902
1007035	1007825
1008944	1011354
1011471	1012621
1012755	1013413
1013444	1014675
1014717	1015560
1016882	1017792
1017887	1019169
1019284	1020341
1020454	1021541
1021608	1022206
1022243	1022991
1024681	1025882
1026068	1026497
1026526	1027900
1027916	1028786
1028801	1030343
1030355	1030889
1030901	1031372
1031421	1031676
1031731	1032520
1032587	1032932
1033057	1033669
1034300	1034901
1034902	1035374
1035703	1036205
1036843	1037057
1037148	1037856
1038077	1038603
1040018	1041071
1042672	1044113
1044276	1044694
1044709	1046189
1046220	1047187
1047208	1048085
1048184	1049103
1049132	1050129
1050925	1051414
1051465	1052356
1052440	1053158
1053210	1054155
1054348	1058599
1058806	1062745
1063220	1063910
1063914	1064343
1064513	1065230
1065313	1066567
1066665	1067454
1070939	1072019
1072129	1073290
1073385	1074180
1074259	1074518
1074655	1075876
1075912	1076494
1076502	1077531
1077764	1077978
1078113	1079893
1079964	1081852
1082151	1083570
1083724	1084468
1084614	1085250
1085394	1086102
1086086	1086644
1086771	1088490
1088882	1089185
1089350	1089639
1089660	1091305
1091477	1091927
1091943	1092171
1092183	1092402
1092497	1092875
1093074	1093293
1093431	1094266
1094298	1094854
1095029	1095348
1095432	1096294
1097369	1098195
1098206	1098828
1098953	1100408
1101585	1102284
1102364	1103849
1103924	1104734
1105207	1107196
1107426	1107790
1107844	1108297
1108452	1109443
1109507	1110182
1110227	1110902
1111053	1113474
1113599	1115912
1116007	1116482
1116551	1117169
1117168	1118074
1118198	1118922
1119330	1120054
1121554	1121840
1123862	1124784
1124873	1125821
1125900	1126488
1126512	1127082
1127537	1127924
1127996	1129373
1141057	1142120
1142201	1142658
1142654	1143041
1143040	1143859
1144264	1145267
1145278	1146209
1146320	1147845
1147936	1148117
1148448	1148632
1149291	1151452
1151560	1152875
1152981	1153398
1153616	1154852
1154977	1155680
1155699	1156993
1160510	1160903
1160927	1161605
1162110	1163998
1164181	1164554
1164713	1165182
1167435	1168618
1169145	1169422
1169420	1169595
1170794	1173998
1174619	1174910
1174931	1175936
1176706	1178075
1178348	1178838
1178894	1179264
1179427	1180796
1184354	1185455
1185611	1186553
1186606	1187722
1188799	1189454
1189517	1190006
1190376	1192389
1192394	1192607
1192603	1193074
1193070	1194354
1194418	1195181
1195177	1195834
1195850	1196609
1196620	1197427
1198543	1200460
1200620	1200917
1201538	1204586
1206926	1208583
1209799	1210016
1210114	1210553
1210551	1210984
1211288	1211765
1211761	1212439
1212438	1212717
1212839	1213307
1213418	1214871
1215805	1216246
1216413	1217203
1217284	1217602
1218511	1219390
1220044	1221521
1222922	1224221
1224210	1225902
1226196	1227637
1227742	1228835
1229065	1229858
1229880	1231390
1231473	1231941
1232009	1232100
1232227	1233050
1234024	1235002
1240801	1241374
1243014	1243762
1243772	1244349
1244568	1245784
1247653	1248884
1253285	1255143
1256069	1259264
1259566	1260863
1260987	1261567
1261578	1262812
1262957	1263372
1263375	1263931
1264030	1264781
1264839	1265227
1265395	1266245
1267265	1268727
1275477	1275742
1275767	1275855
1275922	1277209
1277219	1278431
1278737	1281267
1282362	1283164
1283175	1283989
1284129	1285513
1285650	1286499
1288351	1289002
1289021	1289456
1291104	1292721
1292961	1293711
1297371	1297948
1297979	1298745
1299046	1299868
1299906	1300596
1300585	1301623
1301801	1302354
1309428	1310055
1310156	1311509
1311771	1312075
1312078	1313936
1314022	1315739
1318293	1318785
1318790	1319702
1319703	1320426
1320513	1321225
1323227	1323852
1324716	1326553
1328209	1331689
1331929	1333580
1333730	1334124
1334120	1334627
1334640	1335087
1335315	1336363
1336521	1337842
1339459	1341892
1342148	1342770
1342914	1343737
1343956	1344454
1345103	1348995
1349511	1350253
1351155	1352385
1352562	1353244
1353321	1353534
1353712	1354847
1355113	1356185
1356796	1357477
1357473	1358697
1358959	1359605
1359638	1360350
1361690	1362891
1362911	1363566
1363577	1364508
1364602	1365784
1367145	1367811
1367821	1368475
1368723	1369627
1369864	1370174
1370192	1370817
1370834	1371435
1371433	1371731
1371750	1372570
1372597	1372871
1372884	1373215
1373234	1373940
1373955	1374364
1374365	1374555
1374556	1374812
1375041	1375825
1376106	1376476
1376488	1376798
1376817	1377355
1377368	1377672
1377710	1378101
1378118	1378650
1378665	1379017
1379033	1379532
1379540	1379718
1379723	1380156
1380165	1381489
1381772	1382127
1382395	1382531
1382560	1383179
1383212	1384197
1384239	1384624
1384750	1385017
1385214	1386022
1386053	1387247
1387355	1387913
1388061	1389678
1389850	1390732
1390876	1392250
1392384	1393272
1393293	1393485
1393562	1396187
1396374	1396800
1398923	1399946
1399955	1401110
1401186	1402236
1402446	1403446
1403622	1404616
1404682	1406201
1406220	1407229
1407376	1408109
1408116	1408672
1409465	1411248
1411287	1411591
1411632	1412317
1412421	1412766
1412778	1413189
1413213	1413969
1415972	1416942
1417207	1417891
1417944	1418358
1418423	1419440
1419787	1421549
1422872	1423397
1423791	1424407
1426022	1426794
1426789	1427222
1427648	1428162
1431517	1432277
1432628	1432757
1432771	1435564
1437025	1439594
1440426	1442775
1443868	1444499
1444586	1446437
1446563	1447568
1447726	1449137
1453674	1454239
1454382	1455259
1455253	1456670
1456743	1457746
1459157	1460460
1460471	1460892
1463200	1463458
1463478	1463790
1464022	1464992
1465837	1467208
1467606	1468317
1468508	1470246
1470951	1472548
1472734	1474022
1474147	1475411
1475483	1476102
1476096	1476301
1476420	1477666
1477909	1478471
1478504	1479699
1479718	1482794
1483030	1483799
1485354	1486527
1486708	1487191
1487293	1488398
1488480	1489069
1490688	1491538
1492909	1495613
1495679	1496088
1496198	1498053
1499116	1499837
1499972	1500822
1500990	1502016
1502028	1502622
1502729	1505123
1506483	1507350
1508338	1510922
1511018	1511520
1511521	1512554
1512787	1514854
1515191	1515410
1540017	1541382
1541728	1541899
1541910	1542147
1543191	1544392
1544441	1544895
1544900	1545555
1545578	1545678
1545814	1546487
1546851	1548030
1548026	1549070
1549432	1549783
1549900	1552726
1553726	1555301
1555648	1555832
1556498	1556601
1556618	1557474
1557544	1558532
1558590	1559038
1559192	1559658
1559836	1561181
1561385	1561641
1561639	1563092
1564121	1565007
1565155	1566134
1566129	1566427
1566521	1567007
1567245	1568163
1568307	1568889
1574324	1575690
1575702	1576303
1583191	1584292
1584550	1585915
1589381	1590818
1590915	1592359
1592536	1592669
1592683	1593041
1595137	1596494
1596683	1598550
1598642	1600197
1600268	1600782
1600780	1601723
1603215	1604119
1604206	1605362
1606866	1608217
1610374	1611086
1611153	1611288
1611860	1612857
1614464	1615110
1615224	1616221
1616347	1618345
1618473	1619151
1619890	1620751
1620764	1622222
1626322	1627109
1627260	1628203
1628222	1628712
1629009	1629955
1629956	1630500
1637797	1638298
1639020	1639860
1639861	1640479
1640489	1640639
1640629	1642909
1646941	1647838
1649001	1651158
1651147	1653322
1653535	1654129
1654121	1655294
1656164	1656611
1656696	1658256
1658388	1659100
1660299	1660977
1660973	1661624
1661700	1663227
1667761	1668214
1668479	1669616
1669630	1671196
1671850	1673486
1673853	1674312
1674493	1675261
1675270	1675987
1675970	1676744
1677044	1678319
1678328	1678586
1678606	1678924
1678934	1679579
1679611	1680112
1680121	1680907
1680903	1681698
1682116	1682752
1683002	1683639
1683645	1684309
1684371	1685110
1685153	1685355
1685353	1685873
1687931	1688475
1688476	1688936
1688938	1689854
1690486	1690784
1690788	1692801
1692912	1693899
1694053	1694870
1694970	1695919
1696168	1697390
1697589	1698540
1698615	1699779
1701297	1702470
1702745	1703873
1703876	1705388
1705438	1706437
1706672	1707990
1708048	1709525
1709575	1710502
1710554	1711034
1711873	1713403
1713517	1714135
1714175	1715106
1715145	1716144
1716140	1717112
1717121	1718057
1718066	1718909
1719068	1720694
1720989	1721941
1723018	1724603
1725302	1726170
1726135	1726265
1726269	1726591
1726604	1728435
1728446	1729911
1729926	1731298
1731293	1732374
1732487	1733799
1733823	1735006
1735019	1736073
1736212	1737638
1737711	1738630
1738631	1739337
1739413	1740689
1740775	1742051
1742091	1743007
1743135	1744291
1745209	1745704
1745706	1746432
1749792	1750330
1752056	1752524
1754572	1756264
1757364	1758222
1759728	1760109
1764860	1765182
1766445	1767534
1768675	1769647
1769705	1770285
1770371	1771524
1772387	1772898
1773514	1774198
1774197	1774863
1774866	1775586
1775602	1776334
1776460	1777045
1777364	1778058
1778086	1779070
1779072	1780065
1780975	1781977
1782064	1784245
1785495	1785921
1786754	1786896
1786946	1787978
1788453	1789345
1789339	1790429
1790466	1791649
1793306	1794378
1794390	1795360
1795418	1796363
1797073	1799209
1799276	1800482
1801731	1803247
1803301	1804192
1804191	1804647
1804855	1805789
1805875	1807384
1807536	1808283
1808769	1809457
1811481	1812133
1812172	1812860
1815994	1817593
1817868	1817962
1819238	1820046
1820138	1821155
1821166	1821976
1821975	1823025
1823068	1823917
1824872	1826567
1826638	1828049
1828086	1830726
1830908	1831919
1833164	1834463
1834591	1834957
1835808	1836096
1836315	1836919
1839134	1839542
1839633	1840315
1840329	1840813
1840814	1841433
1841434	1842065
1842068	1842516
1842903	1844094
1844233	1845322
1845392	1845728
1846228	1846571
1846711	1847320
1847862	1848499
1848615	1851127
1851142	1851803
1853402	1856010
1856081	1856696
1856741	1858134
1858144	1858859
1859058	1860244
1860326	1861274
1861275	1862229
1862228	1862849
1862920	1864171
1864854	1866117
1867525	1867811
1872462	1872940
1875753	1876309
1876371	1877710
1877791	1879090
1879089	1879926
1882432	1882580
1884450	1884844
1885130	1886864
